UNKNOWN                 
1 81014U          21030.52503263  .00038236  00000+0  27136-2 0  9998
2 81014  51.3101 204.7464 2647304  76.3775 311.5417  9.99734893251961
UNKNOWN                 
1 81037U          21028.44145654  .00002327  00000+0  24256-3 0  9990
2 81037  62.2071 298.5424 0218039 315.4935  42.8806 14.76922932944567
UNKNOWN                 
1 81052U          21030.46686407  .00000221  00000+0  10694-3 0  9990
2 81052  65.7820  93.3486 0637508  79.3878 287.8288 13.60510292357153
UNKNOWN                 
1 81069U          21030.39951074  .00001270  00000+0  21582-2 0  9997
2 81069 100.3086 199.3133 0062035  38.7474 321.8082 13.46604885275768
UNKNOWN                 
1 81073U          21029.88788776  .00001033  00000+0  20085-2 0  9995
2 81073  61.6477 220.4761 4690503 186.6307 164.0055  5.83169398496295
UNKNOWN                 
1 81078U          21029.86110437  .00000071  00000+0  33554-2 0  9997
2 81078  65.1106 190.5603 0186454  29.7865 120.0917 11.21730246295153
UNKNOWN                 
1 81111U          21030.36002915  .00045674  00000+0  20182-2 0  9994
2 81111  62.7673  74.0111 4636310 289.2482  27.2941  6.33141708147704
UNKNOWN                 
1 81123U          21028.64649354  .00000055  00000+0  10448-3 0  9998
2 81123  99.9987 349.6227 0003886 336.6773  23.4199 13.77350527361087
UNKNOWN                 
1 81134U          21030.25537064  .00000117  00000+0  40592-3 0  9996
2 81134  90.2943 321.3028 0028466   1.8175 358.3041 12.92301230232984
UNKNOWN                 
1 81161U          21030.32687036  .00000121  00000+0  18872-3 0  9990
2 81161 100.4167  60.1516 0060691  83.5935 277.2116 13.71477322312247
UNKNOWN                 
1 81182U          21029.92446012  .00312437  00000+0  11465-1 0  9999
2 81182  51.3546 109.4325 1101495 215.8854 136.2983 13.29987729251315
UNKNOWN                 
1 81219U          21030.34046895  .00000159  00000+0  13873-3 0  9995
2 81219  82.9258 257.9412 0020939 174.4092 185.7305 13.79621050362292
UNKNOWN                 
1 81221U          21030.56037285  .00000821  00000+0  40027-3 0  9992
2 81221  98.8485 326.4073 0117127  62.7942 298.5113 14.17261450271923
UNKNOWN                 
1 81228U          21018.87095238 -.00002683  00000+0 -12087-2 0  9995
2 81228  70.5379 237.9269 0082501 101.8311 259.2078 14.19423680370969
UNKNOWN                 
1 81247U          21030.30586658  .00000534  00000+0  13938-3 0  9997
2 81247  83.2453 243.3351 0030493  42.6047 317.7508 14.47441377378272
UNKNOWN                 
1 81254U          21030.44282312  .00001240  00000+0  99119-3 0  9990
2 81254 100.3941 208.5977 0074484  44.9638 315.7517 13.91966929364994
UNKNOWN                 
1 81264U          21030.06539102  .00001184  00000+0  24539-3 0  9992
2 81264  99.4128 325.2679 0105820 329.4683  30.0379 14.59194379349089
UNKNOWN                 
1 81279U          21029.79570910  .00000195  00000+0  97061-4 0  9990
2 81279  98.0666 220.9674 0224104 161.5706 199.3755 14.13696956210982
UNKNOWN                 
1 81301U          21029.24796345  .00000015  00000+0  89643-4 0  9996
2 81301  66.7574 217.8433 0092936 343.0559 189.3779 13.75409233361681
UNKNOWN                 
1 81311U          21029.81020108  .00000064  00000+0  25622-4 0  9998
2 81311  98.7095 339.4071 0139588 131.5714 260.1727 14.53016558381170
UNKNOWN                 
1 81317U          21030.00865787  .00000042  00000+0  17848-3 0  9993
2 81317  67.1386 127.0587 0215899 195.9608 339.1393 13.37087914350906
UNKNOWN                 
1 81323U          21029.89521604  .00000647  00000+0  16294-3 0  9997
2 81323  65.7783  94.4564 0498151 153.3254 209.4411 14.02800209861448
UNKNOWN                 
1 81329U          21030.21925531 -.00000235  00000+0 -56359-4 0  9990
2 81329  65.8267 195.9540 0866679 108.4778  56.9774 13.12767685382174
UNKNOWN                 
1 81338U          21029.09545583  .00107543  00000+0  26666-2 0  9993
2 81338  74.0265 281.4297 0010436 121.6660 238.5567 15.39841100295406
UNKNOWN                 
1 81341U          21029.88942764  .00002142  00000+0  57894-2 0  9992
2 81341  99.5920 192.5034 0419317 201.3347 156.9810 12.88421413293954
UNKNOWN                 
1 81342U          21030.36770754  .00000749  00000+0  46408-3 0  9997
2 81342  70.9000  72.3211 0156572 137.3834 223.9556 14.02443472367466
UNKNOWN                 
1 81343U          21030.49984401  .00000376  00000+0  40594-4 0  9995
2 81343  85.8760  49.7370 0013465  91.9169 268.3597 14.85123812189507
UNKNOWN                 
1 81357U          21029.67853565  .00001375  00000+0  13776-3 0  9995
2 81357  97.5323 297.8451 0200647 197.4590 161.9658 14.79157853271214
UNKNOWN                 
1 81359U          21030.07679931  .00000092  00000+0  16422-3 0  9992
2 81359  66.8024 329.9857 0117274  94.7640 266.6834 13.75113864360811
UNKNOWN                 
1 81366U          21028.00692237 -.00000063  00000+0  11867-4 0  9992
2 81366  65.8853 297.2792 0750160 214.1575 140.8989 13.38890443827541
UNKNOWN                 
1 81371U          21029.29563991  .00000374  00000+0  89526-4 0  9995
2 81371  98.8311 336.7697 0089340  63.8323 297.2028 14.57566693382007
UNKNOWN                 
1 81374U          21025.39966051  .00001341  00000+0  49247-3 0  9999
2 81374  65.7313 169.6880 0046161   0.6820 359.4328 14.35491589327221
UNKNOWN                 
1 81380U          21028.78332818  .00001783  00000+0  59676-3 0  9997
2 81380  99.8664 226.7505 0003902 189.6377 170.4732 14.38914979361713
UNKNOWN                 
1 81386U          21030.10088753  .00000508  00000+0  25950-3 0  9990
2 81386  71.0562 169.6623 0123093 320.5463  38.6743 14.16470073371367
UNKNOWN                 
1 81390U          21030.05754492  .00000402  00000+0  34852-2 0  9992
2 81390 103.0912 140.1959 0167606   9.3728 351.0394 12.33978741280632
UNKNOWN                 
1 81391U          21029.95454275  .00001023  00000+0  46212-3 0  9990
2 81391  81.2083 289.5634 0012508 209.7172 150.3296 14.21429383327743
UNKNOWN                 
1 81392U          21030.22027117  .00000700  00000+0  87571-3 0  9998
2 81392 100.4054 203.9484 0054268 191.8673 344.3946 13.67959297358264
UNKNOWN                 
1 81402U          21030.51915488  .00001932  00000+0  81471-3 0  9990
2 81402  98.7382  53.7628 0006527 255.2507 104.7950 14.26847938191673
UNKNOWN                 
1 81405U          21029.27264862  .00000283  00000+0  27286-3 0  9999
2 81405  99.5512  28.1055 0168960 258.8122  99.3997 13.82709547315607
UNKNOWN                 
1 81406U          21028.09595433  .00000115  00000+0  84662-4 0  9996
2 81406  65.8125 167.5320 0889140  23.3370 340.5536 13.04673344301049
UNKNOWN                 
1 81409U          21029.08669523  .00001860  00000+0  69262-3 0  9997
2 81409  82.6653 262.0411 0061311  88.1041 272.7166 14.30542969373977
UNKNOWN                 
1 81418U          21030.30220572  .00000409  00000+0  89583-3 0  9997
2 81418 100.3115 163.4306 0065650 204.3994 155.4018 13.34778840161716
UNKNOWN                 
1 81425U          21029.71742890  .00001148  00000+0  14473-2 0  9996
2 81425  99.4251 125.5921 0073235   5.2164 354.9727 13.64935461198709
UNKNOWN                 
1 81427U          21030.44791363  .00000262  00000+0  18910-3 0  9996
2 81427  98.8878 300.1720 0088430 333.3886  26.2755 14.03261804302261
UNKNOWN                 
1 81438U          21030.36816036  .00001073  00000+0  18777-2 0  9995
2 81438 100.2571 186.3674 0063929  71.7421 289.0652 13.45103216352310
UNKNOWN                 
1 81439U          21030.51907659 -.00000376  00000+0 -90203-3 0  9997
2 81439  67.1639 333.3258 0605626 218.3469 137.2997 12.61245054 37675
UNKNOWN                 
1 81449U          21030.57205389  .00001228  00000+0  45334-3 0  9995
2 81449  66.8056  99.0662 0051254  51.1809 309.3851 14.35025556375798
UNKNOWN                 
1 81478U          21030.57629260  .00000829  00000+0  39774-3 0  9992
2 81478  99.1011 250.6106 0172245  27.2088  26.1139 14.14203624370895
UNKNOWN                 
1 81488U          21029.72127509 -.00000045  00000+0  28908-5 0  9997
2 81488 100.1050 200.8808 0045124  77.8125 294.8277 13.55420239355680
UNKNOWN                 
1 81497U          21030.53221647  .00000984  00000+0  12334-2 0  9990
2 81497 100.2968 127.2079 0031245 187.6577 184.7963 13.66973979972366
UNKNOWN                 
1 81499U          21028.39514328  .00000390  00000+0  14298-3 0  9997
2 81499  74.0533 264.9983 0001681  39.0504 321.0770 14.36141364226310
UNKNOWN                 
1 81509U          21029.35867778  .00007178  00000+0  16686-2 0  9999
2 81509  98.7870 182.8324 0026403 267.7369  92.0803 14.55022907205764
UNKNOWN                 
1 81521U          21030.53684981  .00002498  00000+0  51715-3 0  9991
2 81521  99.7045 133.2781 0007783  81.4607 289.6548 14.61399102381133
UNKNOWN                 
1 81535U          21025.90627592  .00000246  00000+0  12808-3 0  9995
2 81535  98.1451 251.9788 0251192 239.2049 118.4179 14.07389724136388
UNKNOWN                 
1 81536U          21029.21844125  .00000243  00000+0  18095-2 0  9997
2 81536 102.0229 203.2491 0022075  81.0853  94.2096 12.53830896328764
UNKNOWN                 
1 81537U          21028.67369314  .00000187  00000+0  13955-3 0  9997
2 81537  71.0390 184.0163 0080503 308.6859  50.7076 14.05593622370376
UNKNOWN                 
1 81545U          21030.25198707  .00172855  00000+0  13387-1 0  9998
2 81545  99.6981 304.7025 0049702 325.6304  34.1700 14.99586720167834
UNKNOWN                 
1 81546U          21029.80212893  .00001991  00000+0  23532-3 0  9998
2 81546  66.8049 220.9027 0018745 352.6908   7.3944 14.86916476865018
UNKNOWN                 
1 81552U          21028.86617351  .00002288  00000+0  51420-2 0  9994
2 81552  99.0418 186.1397 0266258 314.3027  43.6528 13.15673814345175
UNKNOWN                 
1 81564U          21016.20363937  .00001527  00000+0  67568-3 0  9996
2 81564  81.1862 351.3558 0031492 149.5023 210.7995 14.22500467310485
UNKNOWN                 
1 81569U          21029.73537482  .00000227  00000+0  90143-3 0  9992
2 81569  28.0737 179.7920 0318811 301.0135  55.9439 12.46226171330876
UNKNOWN                 
1 81579U          21030.57334788  .00000831  00000+0  56716-3 0  9990
2 81579 100.1164 338.8841 0232156 259.8122  97.6778 13.90934158362770
UNKNOWN                 
1 81599U          21028.13652661  .00000111  00000+0  31303-3 0  9990
2 81599  67.2958 160.4997 0262602 279.8908 258.3198 13.28929889348435
UNKNOWN                 
1 81605U          21029.17392936  .00000172  00000+0  12161-2 0  9996
2 81605  56.4402 189.3766 0101709 257.8735 101.0779 12.77562223290731
UNKNOWN                 
1 81614U          21029.42044786 -.00002691  00000+0 -16676-1 0  9995
2 81614 101.3878  97.9774 0519527 166.6422 194.9004 12.20125965319978
UNKNOWN                 
1 81615U          21029.85771026  .00000240  00000+0  11676-3 0  9990
2 81615  65.8288 198.5352 0831265 230.4484 122.0231 13.22987052346972
UNKNOWN                 
1 81617U          21030.09897498 -.00000063  00000+0 -11929-3 0  9998
2 81617 101.3563 259.7961 0034760 148.3836 211.9336 12.56150112329818
UNKNOWN                 
1 81624U          21030.43147002  .00000286  00000+0  90952-4 0  9992
2 81624  66.9915 291.4661 0097991 254.3274 104.7009 14.51214337380700
UNKNOWN                 
1 81626U          21030.05611528  .00003675  00000+0  87646-3 0  9991
2 81626  71.0075 267.2602 0021073 245.1345 114.7608 14.54257039368337
UNKNOWN                 
1 81634U          21030.20753589  .00294866  00000+0  95557-2 0  9994
2 81634  51.7541   5.7309 1059118 319.0449  33.5380 13.41490817268710
UNKNOWN                 
1 81640U          21029.36113942 -.00000096  00000+0 -35126-4 0  9999
2 81640  65.8263 161.1832 0983470  77.3601 293.5420 12.55421477286726
UNKNOWN                 
1 81652U          21030.54585304  .00000477  00000+0  62892-3 0  9999
2 81652 102.1695 253.9572 0383126 358.9465  32.1311 13.41292919340182
UNKNOWN                 
1 81661U          21024.49939493  .00001282  00000+0  37439-3 0  9992
2 81661  98.4320 301.1241 0068551 238.2942 121.1554 14.44447198276355
UNKNOWN                 
1 81667U          21029.88217524  .00000318  00000+0  11523-3 0  9995
2 81667  74.0441  85.0481 0015776 104.7509 255.5394 14.37271820200570
UNKNOWN                 
1 81674U          21029.75673010  .00000137  00000+0  13406-3 0  9996
2 81674  66.8249 138.0450 0024684  61.1200  97.6777 14.04990771363623
UNKNOWN                 
1 81678U          21028.44509978  .00002103  00000+0  31890-3 0  9998
2 81678  65.8332 281.9572 0063588 304.4936 228.0526 14.75198655384249
UNKNOWN                 
1 81683U          21030.28282170  .00000270  00000+0  75272-4 0  9997
2 81683  81.2247 341.5318 0029268 254.6247 105.1708 14.43696704378592
UNKNOWN                 
1 81693U          21030.37092130 -.00000610  00000+0 -43147-2 0  9997
2 81693 101.0984 271.6869 0362546 187.2286 172.3454 12.22932631750280
UNKNOWN                 
1 81696U          21029.78664818  .00003542  00000+0  35375-3 0  9991
2 81696  97.4338 337.9833 0222196  20.1235 340.8565 14.75416051249030
UNKNOWN                 
1 81721U          21030.17703730  .00006872  00000+0  17374-2 0  9999
2 81721  98.1477 115.0316 0362574 201.1673 157.4171 14.18422649278678
UNKNOWN                 
1 81732U          21029.86840456  .00002107  00000+0  26725-3 0  9990
2 81732  65.7362 201.4158 0264412  90.0636 273.0767 14.62635406381748
UNKNOWN                 
1 81745U          21030.43591216  .00000395  00000+0  17196-3 0  9995
2 81745  71.0033 274.8874 0004313 121.4469  52.0342 14.30075123375028
UNKNOWN                 
1 81775U          21030.24606897  .00000416  00000+0  18899-3 0  9994
2 81775  82.9288 222.3036 0023671 242.0809 117.7975 14.19575694371862
UNKNOWN                 
1 81792U          21029.91518521  .00000128  00000+0  79818-4 0  9990
2 81792  65.8250 100.7239 0920727 348.2588   9.8199 13.04018288342899
UNKNOWN                 
1 81794U          21029.18744945  .00001325  00000+0  18699-3 0  9991
2 81794  81.1874 194.7851 0003530 270.0058  90.0745 14.76710230385280
UNKNOWN                 
1 81795U          21029.69548532  .00054981  00000+0  27393-2 0  9998
2 81795   6.3467 263.0178 1544532 183.9032 174.7520 12.30191352230823
UNKNOWN                 
1 81798U          21029.58075239  .00002858  00000+0  70890-3 0  9995
2 81798  74.0167 244.1341 0045635  43.1920 317.2805 14.51716691328236
UNKNOWN                 
1 81812U          21030.44084560  .00002916  00000+0  23233-1 0  9998
2 81812 103.6968  94.0149 0253247 349.5396  10.0447 12.28299431321737
UNKNOWN                 
1 81813U          21026.41247029  .00000754  00000+0  23577-3 0  9993
2 81813  99.0800 195.2487 0018057  18.5567 341.6276 14.43781089377751
UNKNOWN                 
1 81816U          21027.29330881  .00000392  00000+0  37194-3 0  9990
2 81816  66.2400  27.9972 0187311 205.0680 154.1210 13.83727544362630
UNKNOWN                 
1 81817U          21029.72823093  .00004755  00000+0  51037-3 0  9992
2 81817  65.7290 149.5893 0326456 231.4096 125.7356 14.57706194384554
UNKNOWN                 
1 81818U          21030.54176052  .00000323  00000+0  96715-4 0  9991
2 81818  65.7517 222.9238 0672494  23.4422 339.5826 13.69622272403627
UNKNOWN                 
1 81819U          21029.55535763  .00000598  00000+0  45244-2 0  9992
2 81819 102.2637  81.8387 0038132 189.5064 170.5283 12.44849910326521
UNKNOWN                 
1 81821U          21029.86096352  .00031561  00000+0  44213-3 0  9995
2 81821  34.0738 321.1423 2241307   0.0417   0.0118 11.03080068365106
UNKNOWN                 
1 81824U          21030.47685997  .00000243  00000+0  16184-3 0  9995
2 81824  65.8505  54.9808 0054835 224.9790 134.6846 14.17347358371631
UNKNOWN                 
1 81833U          21030.22629566 -.00000018  00000+0 -92102-4 0  9995
2 81833  90.2897 321.2942 0029106 355.8287   4.2584 12.92981557222760
UNKNOWN                 
1 81838U          21029.55830847  .00000644  00000+0  24106-3 0  9991
2 81838  67.7684 134.1206 0037399 269.7956 102.3254 14.37089897376706
UNKNOWN                 
1 81844U          21030.61196513  .00000807  00000+0  40094-3 0  9997
2 81844  82.9230 267.7613 0081438  96.9781 264.0668 14.14234483370575
UNKNOWN                 
1 81845U          21030.59992664  .00000222  00000+0  37953-4 0  9998
2 81845  97.8508 263.7199 0104155 322.0507  66.9560 14.75041207386951
UNKNOWN                 
1 81864U          21030.30246105  .00000133  00000+0  90586-4 0  9992
2 81864  65.6729 232.1867 0784814  57.2730 310.1501 13.25779515314799
UNKNOWN                 
1 81865U          21029.25932792  .00000265  00000+0  22726-3 0  9995
2 81865  82.8089 312.9913 0072273 349.2800 164.1895 13.82255631362472
UNKNOWN                 
1 81872U          21030.37715016  .00009222  00000+0  73852-3 0  9994
2 81872  62.0263 273.3722 2002624 221.9084 121.0270 11.27575761138293
UNKNOWN                 
1 81873U          21027.79073749  .00001161  00000+0  68594-3 0  9998
2 81873  99.1180  61.0733 0072421  55.1746 305.6208 14.08528968318109
UNKNOWN                 
1 81893U          21030.43035174  .00000042  00000+0  98702-4 0  9997
2 81893  99.9994 275.3683 0016991 155.1992 204.9974 13.72250930360020
UNKNOWN                 
1 81899U          21030.31980014  .00001264  00000+0  32509-2 0  9990
2 81899 102.4345 158.2698 0172873 348.3024  11.4090 13.15600193344901
UNKNOWN                 
1 81902U          21029.79587812  .00002180  00000+0  31326-3 0  9999
2 81902  81.6317 222.2696 0298951 340.1179  18.8555 14.49922603378994
UNKNOWN                 
1 81905U          21028.99433976  .00045028  00000+0  20880-2 0  9994
2 81905  61.7542 254.9266 1684770 359.7119   0.2728 12.02830358452408
UNKNOWN                 
1 81921U          21029.49113361  .00000326  00000+0  17027-3 0  9993
2 81921  65.7094  96.8537 0881479 148.1196 217.6449 13.07087630795626
UNKNOWN                 
1 81946U          21030.54575130  .00000288  00000+0  11398-2 0  9995
2 81946  66.4246 327.9347 0666711 130.3687  39.2635 12.41902241327149
UNKNOWN                 
1 81947U          21027.59555365  .00000314  00000+0  54825-4 0  9999
2 81947  66.0845 347.9231 0457314 135.9575 227.8923 14.31068873374938
UNKNOWN                 
1 81964U          21030.14228385 -.00000010  00000+0  51529-4 0  9994
2 81964  66.5868 346.9646 0037090 191.7907 168.2308 13.94400448366112
UNKNOWN                 
1 81969U          21030.39137571  .00000494  00000+0  54095-4 0  9998
2 81969  86.6719 187.6187 0012877  55.2165 305.0269 14.85407766174981
UNKNOWN                 
1 81995U          21030.57151072  .00000480  00000+0  14357-3 0  9990
2 81995  65.7589 346.1093 0588184  89.8553 276.9868 13.81738232357337
UNKNOWN                 
1 82025U          21029.39164916  .00011210  00000+0  12808-2 0  9995
2 82025  74.0302  23.0000 0016954 236.3890 123.5672 14.86012314331379
UNKNOWN                 
1 82039U          21026.40128238  .00002331  00000+0  56424-3 0  9993
2 82039  99.0779  13.7218 0044780  70.9045 289.6990 14.53496409297540
UNKNOWN                 
1 82043U          21030.25975583  .00000389  00000+0  13817-3 0  9999
2 82043  97.9879 322.9804 0261865 330.5844  28.0810 14.22199798320580
UNKNOWN                 
1 82044U          21028.06877094  .00000358  00000+0  42685-3 0  9995
2 82044  99.9643  69.9363 0067715 180.5169 179.5918 13.73903218317279
UNKNOWN                 
1 82051U          21029.90719273  .00000737  00000+0  35927-3 0  9993
2 82051  98.8610  93.3944 0116567   1.6111 358.5417 14.17714994319438
UNKNOWN                 
1 82073U          21029.12735497  .00000171  00000+0  66097-4 0  9992
2 82073  97.7466 279.9538 0241961 248.8882 108.6282 14.26275298320825
UNKNOWN                 
1 82110U          21027.40441286  .00021530  00000+0  30161-2 0  9996
2 82110  51.6172  86.6686 1721419  80.3016 298.7161 11.73051210224754
UNKNOWN                 
1 82112U          21029.20282085  .00001287  00000+0  37151-3 0  9992
2 82112  98.6532 120.2025 0100004 294.3061  64.7710 14.43586802324275
UNKNOWN                 
1 82139U          21030.53341192  .00000368  00000+0  24394-3 0  9998
2 82139  99.1583  61.1003 0091802 336.9974  22.7094 14.05868465229792
UNKNOWN                 
1 82162U          21029.29360183  .00000810  00000+0  15087-2 0  9996
2 82162 100.4052 224.0778 0060558 189.8251 170.1697 13.42098673265019
UNKNOWN                 
1 82168U          21027.32570613  .00003376  00000+0  53890-3 0  9990
2 82168  74.0114  48.1418 0012665 222.9252 137.0933 14.72264899226518
UNKNOWN                 
1 82180U          21028.04656596  .00001431  00000+0  33921-3 0  9992
2 82180  65.6620  39.7113 0479150  16.4753 345.1296 14.04857957349031
UNKNOWN                 
1 82187U          21029.80132218  .00002988  00000+0  59142-3 0  9995
2 82187  70.9394 222.7733 0067097  65.5176 295.2949 14.61758440382345
UNKNOWN                 
1 82189U          21029.34775770  .00000053  00000+0  28706-4 0  9996
2 82189  74.0344  63.6794 0017553 322.7104  37.2827 14.33620809377469
UNKNOWN                 
1 82199U          21030.53452253  .00000145  00000+0  11701-3 0  9996
2 82199  82.9686 126.7779 0037195  39.3879 332.3471 13.83497195363806
UNKNOWN                 
1 82205U          21029.87066431  .00001249  00000+0  24048-3 0  9992
2 82205  62.9901 192.5535 0667460 124.1329 242.4880 13.79146011361749
UNKNOWN                 
1 82223U          21029.39233752  .00000338  00000+0  24248-3 0  9991
2 82223  99.3648 192.8887 0078509 210.9458 148.7068 14.02721384198878
UNKNOWN                 
1 82272U          21029.82580085 -.00000061  00000+0 -48448-4 0  9991
2 82272  67.5237 175.3025 0756926 162.5558 200.3049 12.31913194 52822
UNKNOWN                 
1 82284U          21028.61278350  .00001501  00000+0  61281-3 0  9996
2 82284  99.5569 149.2458 0109789 141.9401 218.9597 14.25804072416944
UNKNOWN                 
1 82285U          21030.34059759  .00000794  00000+0  85728-3 0  9995
2 82285 101.9947  72.5893 0353552 297.7690  58.8008 13.53578129354101
UNKNOWN                 
1 82295U          21027.66321904  .00000265  00000+0  13574-3 0  9994
2 82295  66.6224 122.6321 0128947  33.0168 327.8894 14.25626685325627
UNKNOWN                 
1 82298U          21028.47605239  .00001497  00000+0  80806-3 0  9993
2 82298  99.0681 109.7869 0060960 333.2285  26.5744 14.13321361313528
UNKNOWN                 
1 82303U          21029.36166966  .00001853  00000+0  42489-2 0  9998
2 82303  81.9745 348.7620 0043314  78.6866  75.7453 13.24710245844082
UNKNOWN                 
1 82311U          21030.52076099  .00000176  00000+0  31874-3 0  9998
2 82311  99.5038 139.2302 0112110  94.0377 267.3583 13.51753920310001
UNKNOWN                 
1 82314U          21030.55938429  .00002053  00000+0  99734-4 0  9994
2 82314  99.2350  73.1720 0208750 264.8152  92.9217 15.03097118273937
UNKNOWN                 
1 82320U          21021.22624142  .00000525  00000+0  20737-3 0  9997
2 82320  99.8503   7.4631 0160886 285.2697  73.0745 14.27457688372875
UNKNOWN                 
1 82322U          21030.10084635  .00001450  00000+0  36579-3 0  9992
2 82322  98.6006  90.2034 0081019 121.9171 238.9936 14.50720429306279
UNKNOWN                 
1 82348U          21029.04883034  .00000940  00000+0  95096-3 0  9993
2 82348  63.7585  50.4638 3244410 303.0522  29.8837  8.38601610217976
UNKNOWN                 
1 82363U          21030.27018518 -.00000371  00000+0 -48786-3 0  9998
2 82363  66.9405  32.5489 0465043 219.1101 137.5460 13.13717321 56659
UNKNOWN                 
1 82369U          21030.36889670  .00000279  00000+0  22510-3 0  9991
2 82369  99.0675  65.4467 0084462 192.2768 167.6337 13.96979660308939
UNKNOWN                 
1 82381U          21030.48916259  .00001039  00000+0  35496-3 0  9994
2 82381  98.4980 226.7744 0017746 162.0051 198.1768 14.38320806253199
UNKNOWN                 
1 82383U          21030.03637388  .00002436  00000+0  36314-3 0  9992
2 82383  98.3000  68.9303 0006784 209.0982 150.9849 14.75808827283649
UNKNOWN                 
1 82402U          21030.43392207  .00000406  00000+0  44063-4 0  9992
2 82402  86.6726 187.7142 0013095  56.3946 303.8526 14.85197237189657
UNKNOWN                 
1 82410U          21029.93849985  .00000104  00000+0  18214-3 0  9997
2 82410  66.6587 280.7352 0057050 126.5879 234.0459 13.76032574342056
UNKNOWN                 
1 82428U          21030.42846389  .00007451  00000+0  75223-2 0  9991
2 82428  63.1740  53.1204 0088501   5.7524 354.4511 13.76143079173956
UNKNOWN                 
1 82432U          21029.93947538  .00000233  00000+0  65673-4 0  9999
2 82432  74.0095 101.9207 0064807 336.8458  22.9785 14.50380360224661
UNKNOWN                 
1 82448U          21030.47562421  .00000374  00000+0  40304-4 0  9991
2 82448  85.8760  49.7168 0013481  91.8967 268.3800 14.85150347172223
UNKNOWN                 
1 82451U          21030.02955655  .00006266  00000+0  70853-3 0  9998
2 82451  66.5423 307.3191 0295280 355.8698   3.9977 14.60419715871450
UNKNOWN                 
1 82453U          21030.14401028 -.00000044  00000+0  51268-5 0  9993
2 82453 101.9268 345.3917 0093953 263.4532  95.5828 12.39506624325800
UNKNOWN                 
1 82458U          21030.38265876 -.00000074  00000+0  50901-5 0  9999
2 82458  66.5119  65.6256 0058469 118.3379 242.3621 14.09061732358774
UNKNOWN                 
1 82464U          21029.28821748  .00001742  00000+0  53397-3 0  9991
2 82464  71.0001  39.1591 0081240  18.3281 353.4380 14.41230839376895
UNKNOWN                 
1 82475U          21028.01651237  .00000787  00000+0  49592-3 0  9997
2 82475  99.1604  61.2289 0105806  14.9302 345.4948 14.04547711295843
UNKNOWN                 
1 82481U          21020.36217552  .00008705  00000+0  57587-3 0  9993
2 82481  99.0457 250.4591 0032264  40.9334 319.4303 15.07245448188218
UNKNOWN                 
1 82484U          21029.92736464  .00000031  00000+0  10637-3 0  9994
2 82484  99.5687 104.1803 0044126   5.1096 355.0484 13.55068336349800
UNKNOWN                 
1 82494U          21030.13991341  .00000682  00000+0  18638-3 0  9998
2 82494  74.0213 175.0215 0012886  16.8067 343.3517 14.49104636224338
UNKNOWN                 
1 82500U          21019.00653910  .00007065  00000+0  40848-2 0  9995
2 82500  70.9724 129.4518 0147843 277.7392  80.6960 14.03896820367017
UNKNOWN                 
1 82517U          21030.53851348  .00001336  00000+0  40082-3 0  9995
2 82517  86.3896 120.1413 0015930 354.2684   5.8331 14.42005066166503
UNKNOWN                 
1 82524U          21029.95374654  .00001182  00000+0  54452-3 0  9992
2 82524  73.2914 274.2381 0175797 115.3443 258.5653 14.14455259324488
UNKNOWN                 
1 82526U          21030.38010616  .00001058  00000+0  70634-3 0  9990
2 82526  99.2366  66.8764 0108879 188.3620 171.5732 14.00494625272426
UNKNOWN                 
1 82529U          21029.09191583  .00000052  00000+0  15298-3 0  9990
2 82529  99.7593 152.0871 0245025 246.5720 291.6669 13.38377215351613
UNKNOWN                 
1 82545U          21029.68321871 -.00000055  00000+0 -33139-3 0  9997
2 82545  64.8819 176.0457 0185697 272.5788  85.3893 11.30776628237860
UNKNOWN                 
1 82560U          21027.21119403  .00000355  00000+0  35701-3 0  9995
2 82560 100.0161 184.2428 0009977 284.0528 250.7301 13.85273860364994
UNKNOWN                 
1 82561U          21030.29321948  .00000222  00000+0  12388-3 0  9996
2 82561  63.1222 232.1784 0459779 331.3223 204.1062 13.88294867364009
UNKNOWN                 
1 82597U          21028.97105510  .00000202  00000+0  10857-3 0  9999
2 82597  66.7734 113.9232 0104091 189.5605 170.3515 14.28219836374501
UNKNOWN                 
1 82616U          21030.26192607  .00001797  00000+0  24270-3 0  9993
2 82616  97.3014 142.7622 0100452  46.8636 314.0920 14.76699257302536
UNKNOWN                 
1 82617U          21030.10246905  .00000070  00000+0  27139-4 0  9999
2 82617  74.0305 329.1077 0040902 348.8944  11.1307 14.46223952379649
UNKNOWN                 
1 82627U          21030.10198378  .00000724  00000+0  19465-2 0  9997
2 82627  82.4756  72.5959 0011316 193.1182 196.3250 13.13566580345256
UNKNOWN                 
1 82637U          21030.27891907  .00002338  00000+0  64605-3 0  9994
2 82637  99.5281 206.0840 0031136  46.6808 313.6969 14.47573647246656
UNKNOWN                 
1 82642U          21030.48924794  .00000330  00000+0  23650-3 0  9999
2 82642  99.0236 303.3071 0140096 126.2698 235.1504 13.99073325367103
UNKNOWN                 
1 82683U          21029.97017736  .00000187  00000+0  93673-4 0  9998
2 82683  98.0938 225.7936 0228439 167.9530 192.7240 14.13514273210693
UNKNOWN                 
1 82693U          21030.14252499  .00000525  00000+0  77010-3 0  9999
2 82693 100.5239 188.4657 0041792  91.6232 268.9693 13.59756329311520
UNKNOWN                 
1 82698U          21030.42732703 -.00000057  00000+0  28759-4 0  9994
2 82698  61.6060 190.9808 0732713   6.6782 354.3358 13.21335610303003
UNKNOWN                 
1 82708U          21029.80687160  .00000355  00000+0  16093-2 0  9998
2 82708 102.1615  49.9380 0063905 263.0101  96.3717 12.86998804294555
UNKNOWN                 
1 82728U          21027.14581683  .00014458  00000+0  45092-2 0  9998
2 82728 100.2005 168.0277 0188173 144.1341 217.2641 14.31281647841928
UNKNOWN                 
1 82729U          21030.57271270  .00000386  00000+0  14661-2 0  9991
2 82729  67.9543 333.0538 0831455 144.0604 221.9364 12.15842785319018
UNKNOWN                 
1 82737U          21029.76111675  .00005178  00000+0  74577-2 0  9997
2 82737 102.8048  38.1923 0311121  65.2684 298.0477 13.38358136305846
UNKNOWN                 
1 82739U          21030.07673778  .00000749  00000+0  71523-3 0  9990
2 82739  99.0731 246.1940 0186496 347.6265 172.0245 13.76215558361175
UNKNOWN                 
1 82741U          21030.43545539  .00000515  00000+0  71716-3 0  9991
2 82741 102.8747 214.5658 0215429 244.4622 113.4089 13.56201748355490
UNKNOWN                 
1 82748U          21030.18886685  .00018889  00000+0  45165-2 0  9991
2 82748 102.7852 198.1422 0022906 252.9547 106.9122 14.53524765295599
UNKNOWN                 
1 82755U          21029.84966377  .00003045  00000+0  54938-3 0  9994
2 82755  99.8097  72.1618 0002796 208.9815 151.1229 14.67451496382947
UNKNOWN                 
1 82778U          21014.94730324 -.00000144  00000+0  00000+0 0  9990
2 82778   2.1563  86.1808 7253795 267.2890  15.5698  2.28474773    02
UNKNOWN                 
1 82783U          21030.29693889  .00000428  00000+0  12729-2 0  9994
2 82783  90.3240 345.3199 0018401 199.9158 160.1251 13.06503959272062
UNKNOWN                 
1 82785U          21029.23266360  .00000771  00000+0  17524-3 0  9998
2 82785  63.1287 198.9034 0360931  19.0229 153.8131 14.30315063374796
UNKNOWN                 
1 82820U          21030.08072339  .00000653  00000+0  31984-3 0  9999
2 82820  99.7759 325.1961 0061383 332.6963  27.0988 14.20952616372358
UNKNOWN                 
1 82829U          21029.47218840  .00000121  00000+0  45308-2 0  9992
2 82829  65.1026  32.8350 0170989   0.8669 155.1740 11.28891698285321
UNKNOWN                 
1 82854U          21029.68769784  .00000243  00000+0  20357-3 0  9994
2 82854  82.6931   8.7097 0133451 246.8469 111.8584 13.80859818834302
UNKNOWN                 
1 82873U          21029.32198889  .00000730  00000+0  43337-3 0  9992
2 82873 100.0238  46.2356 0047422 120.6670 239.9183 14.10770698369603
UNKNOWN                 
1 82875U          21030.32534549  .00000094  00000+0  40885-4 0  9992
2 82875  98.6291  54.0049 0393341 327.2389  30.4933 14.10763756293585
UNKNOWN                 
1 82893U          21030.51640487  .00001041  00000+0  64573-3 0  9994
2 82893  98.9827 115.7981 0032835  49.7394 310.6638 14.07121492172631
UNKNOWN                 
1 82912U          21029.88551599  .00000025  00000+0  48757-4 0  9997
2 82912  65.8364 254.2903 0827391 354.0266   5.1346 13.14772497344798
UNKNOWN                 
1 82915U          21026.95633116  .00004094  00000+0  70297-3 0  9994
2 82915  74.0216 111.7914 0027121 234.7697 125.0934 14.68785015220498
UNKNOWN                 
1 82959U          21025.74214358  .00000290  00000+0  19413-3 0  9998
2 82959 100.0699 314.7689 0053529  57.8913 302.7434 14.09513565292459
UNKNOWN                 
1 82961U          21030.06976961  .00009016  00000+0  20749-1 0  9994
2 82961  99.6046 323.3090 0490685  93.6875 272.0453 12.88627803324436
UNKNOWN                 
1 82965U          21029.94698201  .00000386  00000+0  62414-3 0  9999
2 82965 100.2169  28.3696 0000285 245.6830 114.4276 13.55560560283260
UNKNOWN                 
1 82991U          21023.27843147  .00003079  00000+0  56400-3 0  9999
2 82991  86.3185  27.4081 0029726  88.1229 272.3388 14.65229235223201
UNKNOWN                 
1 83903U          21029.15697841 -.00000268  00000+0  00000+0 0  9993
2 83903  10.4068 309.0505 0130140 198.6579 354.9579  0.99114588 26038
UNKNOWN                 
1 83934U          21030.28781990 -.00000173  00000+0  00000+0 0  9997
2 83934   9.6604 314.0255 0221389 219.7824 296.7292  1.02661990 27035
UNKNOWN                 
1 83952U          21030.28711196 -.00000174  00000+0 -21717-3 0  9992
2 83952  20.9458 316.8477 7157059 185.1612 158.5700  2.31913467 42762
UNKNOWN                 
1 83970U          21030.20947667  .00000844  00000+0  36814-3 0  9994
2 83970  18.3551  37.7323 5266659  92.6167 325.8780  5.11483457103440
UNKNOWN                 
1 83975U          21029.70266822 -.00000054  00000+0  00000+0 0  9997
2 83975  18.7264 248.6869 7048578  58.2893 351.6988  2.15335177 44045
UNKNOWN                 
1 84006U          21029.68806562 -.00000108  00000+0  00000+0 0  9991
2 84006  22.8551 159.8068 6088529 182.7014 171.2777  2.16232259 45767
UNKNOWN                 
1 84026U          21030.03519060  .00001459  00000+0  10109-2 0  9991
2 84026  21.9035  13.3142 6195351 181.3456 175.6805  3.69407672 59756
UNKNOWN                 
1 84071U          21026.47961113  .00009831  00000+0  40179-2 0  9996
2 84071  20.5014 136.9360 7019021 151.7787 277.4788  2.60087044 56687
UNKNOWN                 
1 84079U          21014.81724105  .00001761  00000+0  15434-2 0  9997
2 84079  62.7542 184.6307 4023488 155.6570 230.4332  7.05897266177555
UNKNOWN                 
1 84136U          21029.68034848  .00107282  00000+0  76521-2 0  9999
2 84136  51.4113 146.8581 2131345 195.6142 156.7488 11.03100864309330
UNKNOWN                 
1 84170U          21030.28690529  .00000708  00000+0  35326-3 0  9993
2 84170  21.0390  81.6400 7001082 155.3139 267.8222  2.61606583 46311
UNKNOWN                 
1 84188U          21030.53841688  .00005340  00000+0  90705-2 0  9992
2 84188  64.6188 248.9059 4970152 150.1137 251.2129  5.41734274134992
UNKNOWN                 
1 84197U          21024.41276038  .00043989  00000+0  13886-1 0  9998
2 84197  20.1876 117.6979 6133987 135.4895 294.3548  3.82054508 68674
UNKNOWN                 
1 84232U          21029.38826483  .00013470  00000+0  11510-1 0  9998
2 84232  20.4587 102.8567 6923212 223.1990  54.6960  2.69659813 53251
UNKNOWN                 
1 84249U          21028.20952461  .00008722  00000+0  30024-2 0  9998
2 84249  64.3703  99.7496 5729548   8.3683 358.2105  4.41429725 70069
UNKNOWN                 
1 84277U          21026.34133857  .00004717  00000+0  49503-2 0  9994
2 84277  65.1239  45.3524 5433603 330.9637   7.4509  4.76654217 66801
UNKNOWN                 
1 84292U          21030.38679782  .00013712  00000+0  14659-2 0  9991
2 84292  23.9321   9.1653 4931421  82.1340 329.0539  5.76672362121158
UNKNOWN                 
1 84342U          21030.20603011  .00010513  00000+0  43102-2 0  9991
2 84342  21.8465   7.5767 5792588  80.8728 337.0800  4.30670240 68111
UNKNOWN                 
1 84346U          21028.12510043  .00013296  00000+0  18052-2 0  9992
2 84346  21.1517  25.0430 6942938 262.5051  20.5249  2.73229089 35899
UNKNOWN                 
1 84353U          21028.29553418 -.00000275  00000+0  00000+0 0  9996
2 84353  19.7167  27.5074 6702564  74.0047 346.3429  2.03724617 31842
UNKNOWN                 
1 84407U          21029.75473805 -.00000224  00000+0 -12182-2 0  9991
2 84407  18.9563 134.3322 7233849 171.2454 216.8744  2.05691469 39269
UNKNOWN                 
1 84414U          21030.43320420  .00033347  00000+0  11205-2 0  9995
2 84414  65.1697 195.0239 4268726 346.2562   5.0520  7.00094017106657
UNKNOWN                 
1 84415U          21030.33961795  .00072518  00000+0  61234-2 0  9991
2 84415  23.7674 295.7427 5567981  42.4627 349.2299  4.74720181 81703
UNKNOWN                 
1 84434U          21028.83033703 -.00000226  00000+0 -50024-3 0  9998
2 84434  20.2815 296.4520 7157305 235.0706  36.2353  2.33772087 44023
UNKNOWN                 
1 84437U          21008.16312779 -.00000153  00000+0  00000+0 0  9991
2 84437  18.9326 333.4080 6993083 180.7588 177.1723  1.97232421 48789
UNKNOWN                 
1 84452U          21030.35111412  .00002419  00000+0  38090-3 0  9995
2 84452   2.8232  76.8168 6361336 343.1582   2.9725  3.52522667 87617
UNKNOWN                 
1 84479U          21030.37330398  .00192696  00000+0  92900-2 0  9998
2 84479  23.5769  52.4024 4912418 263.4020  40.6894  5.85179280 63532
UNKNOWN                 
1 84480U          21030.57623459  .00001570  00000+0  73063-3 0  9995
2 84480  45.8996 272.9807 4559297  87.7545 321.9750  6.25049397146316
UNKNOWN                 
1 84481U          21027.36633285  .00002526  00000+0  10203-2 0  9995
2 84481  64.6993 167.4363 5945290 351.8863   1.5676  4.08494070 62775
UNKNOWN                 
1 84588U          21029.01666703  .00003917  00000+0  13515-2 0  9992
2 84588   2.1253 258.2965 7052200 230.3843  42.2990  2.56476669 61086
UNKNOWN                 
1 84597U          21027.46788669 -.00000086  00000+0  13518-3 0  9994
2 84597  19.0061 323.5689 7277704 133.3999 316.5089  2.17692549 29636
UNKNOWN                 
1 84911U          21030.60967741 -.00000036  00000+0  37109-3 0  9991
2 84911   1.5675 242.8217 6586263  78.3363  53.5094  2.95853297 77922
UNKNOWN                 
1 84932U          21024.66279497  .00000123  00000+0  13069-2 0  9991
2 84932   2.3198 107.4603 6558202 325.0134  67.8520  2.98834838 78374
UNKNOWN                 
1 84950U          21030.33667331 -.00000348  00000+0  00000+0 0  9998
2 84950   1.3543 180.3018 6959682 297.8032 323.7337  2.04147699 53661
UNKNOWN                 
1 84961U          21029.71207914 -.00000079  00000+0  00000+0 0  9998
2 84961   9.7808 303.0177 0130298 227.6820 131.3355  0.98635060 25918
UNKNOWN                 
1 85001U          21030.43400799  .00014028  00000+0  17845-2 0  9997
2 85001  51.4273  49.1386 2834359 159.8893 214.1128  9.54202791259066
UNKNOWN                 
1 85004U          21030.28154056  .00000162  00000+0  68956-4 0  9990
2 85004  98.2537  36.6665 0052272  91.3097 280.9147 14.35800694376661
UNKNOWN                 
1 85010U          21030.16867122  .00000392  00000+0  48876-3 0  9992
2 85010  99.3925 280.0421 0025764 216.0515 295.9886 13.70681842360099
UNKNOWN                 
1 85011U          21029.12406298  .00005754  00000+0  24651-2 0  9991
2 85011  70.9783 292.9787 0005314 322.0155  38.0598 14.25223239169198
UNKNOWN                 
1 85015U          21030.15986744  .00000057  00000+0  18295-4 0  9999
2 85015  74.0477 190.6059 0015075 198.9944 161.0662 14.59672641383081
UNKNOWN                 
1 85023U          21030.21430524  .00001456  00000+0  63399-3 0  9993
2 85023  99.8607 123.2117 0003320 151.9331 237.3335 14.25890725373289
UNKNOWN                 
1 85027U          21030.52081091 -.00000028  00000+0  49466-4 0  9997
2 85027  66.0420 129.2112 0170616  51.2223 310.3942 13.73291502360516
UNKNOWN                 
1 85047U          21029.96650297  .00002083  00000+0  56744-2 0  9992
2 85047 102.1143  36.9521 0219883 218.0061 140.5349 13.07448830341948
UNKNOWN                 
1 85061U          21029.95569861  .00001502  00000+0  72563-2 0  9995
2 85061 102.4160 207.0365 0289056   0.9131 162.9529 12.63497812330332
UNKNOWN                 
1 85100U          21026.41234814  .00000079  00000+0  34137-4 0  9999
2 85100  74.0462 269.4649 0013498 223.7344 310.2202 14.38830042377021
UNKNOWN                 
1 85106U          21030.45860150  .00000185  00000+0  26483-3 0  9994
2 85106 100.1468  17.2751 0009679 200.0554 312.4621 13.70306859359460
UNKNOWN                 
1 85111U          21022.39401945  .00000110  00000+0  99707-3 0  9994
2 85111 101.6036   0.4428 0006368 186.5850 173.5138 12.50836244242628
UNKNOWN                 
1 85117U          21028.79181452  .00002807  00000+0  38371-3 0  9993
2 85117  70.0326 218.8057 0068972 258.6578 100.6817 14.78075555334488
UNKNOWN                 
1 85124U          21028.15876146  .00009145  00000+0  14395-2 0  9993
2 85124  82.2393 178.0568 0388004  57.9738 305.8526 14.32562914212995
UNKNOWN                 
1 85133U          21029.87447547  .00000793  00000+0  37086-3 0  9995
2 85133  98.8991  82.9483 0026142  36.7315 323.5648 14.23030982277582
UNKNOWN                 
1 85151U          21029.26310658  .00001059  00000+0  36600-3 0  9997
2 85151  98.5060 225.8787 0016264 153.2612 206.9417 14.37739596221871
UNKNOWN                 
1 85159U          21028.18333718  .00001309  00000+0  70021-3 0  9990
2 85159  98.8381 293.7483 0083868 280.3495  78.8231 14.13141704246969
UNKNOWN                 
1 85175U          21028.65728219  .00001333  00000+0  30496-3 0  9993
2 85175 101.3728 174.6580 0153241 286.2676  72.1698 14.51578221364646
UNKNOWN                 
1 85205U          21026.23688310  .00000077  00000+0  63699-4 0  9992
2 85205  82.9548 196.5931 0036142 230.8242 304.2562 13.76395342361262
UNKNOWN                 
1 85210U          21030.46688764 -.00000320  00000+0 -26855-3 0  9996
2 85210  99.7893 118.6151 0226891 182.9853 191.8122 13.68192598358901
UNKNOWN                 
1 85217U          21030.55185353  .00000393  00000+0  13491-3 0  9999
2 85217  97.9538 252.3939 0241161  43.1078 318.8712 14.25758289373933
UNKNOWN                 
1 85220U          21030.09681198  .00002288  00000+0  67687-3 0  9991
2 85220  99.3956 167.8354 0177676 109.1820 252.8686 14.35784263375587
UNKNOWN                 
1 85237U          21026.47101396  .00000509  00000+0  15713-3 0  9990
2 85237  65.5417 107.3017 0590823 102.8987 263.8718 13.79674515361302
UNKNOWN                 
1 85238U          21030.17275253 -.00000024  00000+0  14830-4 0  9990
2 85238  98.8451   8.4018 0063372 341.1240  30.8706 13.87934897364231
UNKNOWN                 
1 85246U          21029.68568197  .00000102  00000+0  54318-4 0  9996
2 85246  98.0323 177.0175 0241020 107.2138 255.5571 14.15388910371158
UNKNOWN                 
1 85266U          21030.20277242  .00001033  00000+0  82723-3 0  9990
2 85266  62.7573 335.3647 3638121 141.8684 250.5981  7.74160115202394
UNKNOWN                 
1 85283U          21029.67052593  .00003045  00000+0  73290-3 0  9992
2 85283  99.7043   6.2813 0030742  62.7452 297.6866 14.53924877282200
UNKNOWN                 
1 85292U          21027.76611504  .00001571  00000+0  43171-3 0  9990
2 85292  65.8324  53.6326 0055663 201.4844 158.3921 14.49010455928550
UNKNOWN                 
1 85370U          21029.97429803  .00000362  00000+0  37377-3 0  9999
2 85370  99.9565 116.2840 0007091 350.5906 184.3638 13.83476187362940
UNKNOWN                 
1 85373U          21030.37842906  .00001131  00000+0  93645-3 0  9996
2 85373 100.4114 181.5186 0054676 192.8943 198.0245 13.90784184364493
UNKNOWN                 
1 85383U          21030.18463983  .00001096  00000+0  32427-3 0  9991
2 85383  98.6625 111.8886 0106012 310.9409  48.2639 14.42353654328657
UNKNOWN                 
1 85386U          21029.71415601  .00001260  00000+0  34284-3 0  9991
2 85386  98.6397 122.9942 0115950 253.4748 262.7594 14.45464272378896
UNKNOWN                 
1 85409U          21029.79166667  .00000053  00000+0  00000+0 0  9994
2 85409   0.0590 136.9773 0059090 171.5096 107.0426  1.00521873  2166
UNKNOWN                 
1 87001U          21030.25915928  .00003105  00000+0  12724-1 0  9998
2 87001 105.4132 142.6495 0233963 224.8935 133.2999 12.78389272333019
UNKNOWN                 
1 87011U          21030.29012295 -.00000010  00000+0  97437-4 0  9998
2 87011  67.0386  31.7234 0256945 125.9263 236.5924 13.27715329348644
UNKNOWN                 
1 87013U          21029.16540519  .00118246  00000+0  58774-1 0  9997
2 87013  65.4504 309.4947 1220732 178.3012 182.2760 12.35536811  7693
UNKNOWN                 
1 87014U          21030.39766815  .00000354  00000+0  70386-3 0  9999
2 87014 100.4854 248.8925 0050141 177.6876 359.3263 13.42587620351799
UNKNOWN                 
1 87027U          21021.38535610 -.00010437  00000+0 -75390-1 0  9992
2 87027  64.0758 135.4845 3928618  51.6135 337.6757  6.74823282138040
UNKNOWN                 
1 87029U          21022.64711315 -.00000119  00000+0 -50243-4 0  9991
2 87029  98.9528  89.8030 0075297 179.6298 180.4935 13.99966690342938
UNKNOWN                 
1 87041U          21030.46956546 -.00000004  00000+0  25423-3 0  9994
2 87041  67.3157 197.5446 0349972 139.5050 223.2570 12.43390702328953
UNKNOWN                 
1 87042U          21030.14063567  .00000131  00000+0  11005-3 0  9993
2 87042  98.9068 102.9834 0044812  36.3397 324.0798 14.03617930304363
UNKNOWN                 
1 87051U          21030.55912747  .00000387  00000+0  16393-3 0  9999
2 87051  65.7312 127.7938 0768555 218.3740 136.0186 13.35886528350568
UNKNOWN                 
1 87053U          21030.45743514  .00037816  13422-5  71410-3 0  9990
2 87053  63.0597 145.4639 2581343  64.0305 320.3215 10.29925613252565
UNKNOWN                 
1 87054U          21030.50665005  .00000616  00000+0  45478-3 0  9990
2 87054 100.0960  54.6625 0011106  40.3315 319.8668 13.99941370366962
UNKNOWN                 
1 87065U          21030.17594332  .00000479  00000+0  62595-3 0  9995
2 87065  98.7247 110.1654 0342926 161.0434 200.3837 13.43818812277499
UNKNOWN                 
1 87071U          21030.31241303  .00000379  00000+0  19745-3 0  9993
2 87071  61.2236  42.9142 0577293 109.0248 257.4204 13.65345056358541
UNKNOWN                 
1 87074U          21030.57315772  .00000083  00000+0  16896-3 0  9992
2 87074  66.1404 245.8045 0147192 167.5304 192.9465 13.70067659359622
UNKNOWN                 
1 87076U          21030.43409042  .00000083  00000+0  37692-3 0  9990
2 87076  67.7583 195.4379 0644436 294.2598  59.2401 12.54888414329752
UNKNOWN                 
1 87079U          21029.68425990  .00006267  00000+0  63734-3 0  9994
2 87079  70.3248 126.7219 0027096   7.3156 352.8391 14.90943172387820
UNKNOWN                 
1 87082U          21030.36212838  .00003869  00000+0  26213-3 0  9996
2 87082  97.4665   2.6903 0161935 305.5160  53.1048 14.96945884341332
UNKNOWN                 
1 87091U          21029.14366087  .00009495  00000+0  55210-3 0  9996
2 87091  65.7026 349.3637 0145089  33.4639 327.5551 15.04005547390318
UNKNOWN                 
1 87094U          21029.96777285  .00002581  00000+0  65579-3 0  9993
2 87094  99.7941 103.8869 0127281 276.6863  81.9852 14.47106478377375
UNKNOWN                 
1 87107U          21029.95286320  .00017276  00000+0  10368-2 0  9994
2 87107  98.9091 108.9936 0021528 235.9984 123.9196 15.10829846343000
UNKNOWN                 
1 87113U          21030.60854887  .00000780  00000+0  15175-3 0  9998
2 87113  65.6659 155.9944 0357784  50.5680 323.8328 14.35810166375676
UNKNOWN                 
1 87129U          21030.37002099  .00000082  00000+0  93656-3 0  9994
2 87129 102.3692  74.8188 0033401 122.7002 237.7289 12.41998854325956
UNKNOWN                 
1 87134U          21029.72224206  .00000838  00000+0  15163-2 0  9998
2 87134  66.6716  23.3648 0469589 350.2820   8.9363 13.09530919343430
UNKNOWN                 
1 87143U          21030.54196693  .00000008  00000+0  00000+0 0  9998
2 87143  26.1268 178.5312 3699896  96.3586 306.1295  6.74028324177281
UNKNOWN                 
1 87149U          21030.09894607 -.00001997  00000+0 -18272-2 0  9997
2 87149  62.8960 294.0164 3269268 233.4897  91.8811  8.35470108218410
UNKNOWN                 
1 87159U          21029.90038550  .00000506  00000+0  62589-3 0  9997
2 87159  90.3034  10.3459 0120847 108.1586 253.2773 13.60828480314540
UNKNOWN                 
1 87163U          21028.98853768  .00000379  00000+0  15576-3 0  9997
2 87163  65.6019 243.3295 0698902 119.5332 247.7260 13.50328040336499
UNKNOWN                 
1 87164U          21030.18077855  .00000212  00000+0  91309-4 0  9993
2 87164  65.2073 353.1237 0130321  72.5408 288.9879 14.40606259378669
UNKNOWN                 
1 87180U          21030.60510629  .00000679  00000+0  68289-3 0  9996
2 87180  65.9160 149.4357 0019294  68.6559 291.6566 13.83996468362788
UNKNOWN                 
1 87203U          21026.15944680  .00002184  00000+0  52583-3 0  9998
2 87203  98.8834 285.2818 0066528   3.1492 357.0108 14.53073003292959
UNKNOWN                 
1 87204U          21028.08095498  .00000529  00000+0  26308-3 0  9994
2 87204  98.7132 262.4750 0052013  94.4298 266.2823 14.20426100372221
UNKNOWN                 
1 87211U          21030.45794153  .00000425  00000+0  17311-3 0  9999
2 87211  99.0303 282.9626 0068535 330.6991 203.7418 14.31659109452597
UNKNOWN                 
1 87213U          21011.60116093  .00002170  00000+0  29800-3 0  9993
2 87213  99.0270 135.8384 0064472 343.7546  16.1594 14.78248605295431
UNKNOWN                 
1 87214U          21030.23746311  .00000745  00000+0  76990-3 0  9994
2 87214 100.3373 206.7340 0073963 122.9439 237.8850 13.78580887354988
UNKNOWN                 
1 87222U          21029.92295466  .00004045  00000+0  26444-3 0  9993
2 87222  98.9721 268.6226 0065379 157.7347 213.9181 15.06782819480616
UNKNOWN                 
1 87228U          21028.73327321  .00002104  00000+0  78025-3 0  9999
2 87228  98.9243 137.9822 0043154 297.6622  62.0184 14.32835956349077
UNKNOWN                 
1 87235U          21030.61701168  .00000647  00000+0  25879-3 0  9991
2 87235  98.9166 162.7935 0152016 325.4099  33.7262 14.25903989331703
UNKNOWN                 
1 87237U          21029.03343892  .00000106  00000+0  11772-3 0  9990
2 87237  99.4605  49.5450 0106069  28.5306 356.5978 13.89919829364549
UNKNOWN                 
1 87239U          21030.46810194  .00000939  00000+0  39278-3 0  9990
2 87239  82.8840 106.1422 0032373 101.0010 259.4818 14.24872194373268
UNKNOWN                 
1 87245U          21030.35337647  .00000296  00000+0  96012-4 0  9998
2 87245  65.6628   9.2302 0535914 254.9918 260.2902 13.93102305365217
UNKNOWN                 
1 87256U          21017.47692787  .00000484  00000+0  31761-3 0  9995
2 87256  98.8921  91.3589 0044542  31.7310 328.6529 14.06185515331958
UNKNOWN                 
1 87271U          21030.38197255  .00001099  00000+0  27075-3 0  9993
2 87271  65.7734 170.2689 0571007 247.3821 106.5908 13.87955474363610
UNKNOWN                 
1 87280U          21030.43640638  .00000027  00000+0  17310-3 0  9998
2 87280  64.6173 303.0365 0127028 312.6711  46.3679 13.46905504294361
UNKNOWN                 
1 87293U          21030.37617066  .00000440  00000+0  13194-3 0  9999
2 87293  65.9101  63.0146 0533394 226.5905 128.9592 13.92387270364987
UNKNOWN                 
1 87300U          21026.18855980  .00000342  00000+0  30401-3 0  9992
2 87300 100.0830 185.1825 0031582 325.0462  34.8621 13.92647913364702
UNKNOWN                 
1 87304U          21030.12781981  .00000185  00000+0  37740-4 0  9993
2 87304  74.0195 174.0003 0021832 236.1201 123.7893 14.68061504385178
UNKNOWN                 
1 87305U          21022.50974404  .00001163  00000+0  23337-3 0  9994
2 87305  73.9976  62.5949 0038605 285.5730  74.1177 14.62452702212187
UNKNOWN                 
1 87313U          21030.03839808  .00000032  00000+0  81523-4 0  9994
2 87313  65.8435 297.3237 0202789 131.6671 230.1958 13.88576234364447
UNKNOWN                 
1 87320U          21030.56769284  .00000663  00000+0  49500-3 0  9998
2 87320  66.5996 326.4022 0442028  97.5369 267.6122 13.61886137351235
UNKNOWN                 
1 87328U          21030.22707031  .00001449  00000+0  17468-3 0  9992
2 87328  65.7616 322.7764 0238345 128.4968 233.7784 14.69471847383767
UNKNOWN                 
1 87331U          21030.22179572  .00006239  00000+0  21640-3 0  9998
2 87331  66.9055  90.1477 0013635  20.2636 339.9053 15.30484990397341
UNKNOWN                 
1 87333U          21030.59550696  .00000001  00000+0  68329-4 0  9997
2 87333  66.5349 241.3366 0033961 272.5072  87.2114 13.85877417364008
UNKNOWN                 
1 87334U          21030.43000591  .00001970  00000+0  26428-2 0  9993
2 87334  89.9868 271.2515 0075407 221.3852 138.1576 13.58545906142738
UNKNOWN                 
1 87335U          21030.12955537  .00002186  00000+0  28992-2 0  9997
2 87335  89.9730 270.2930 0080871 213.5413 146.0609 13.59111323142732
UNKNOWN                 
1 87342U          21030.21392768  .00002871  00000+0  29324-1 0  9996
2 87342 102.6256 203.7669 0980326 246.5200 102.9866 11.27800684295036
UNKNOWN                 
1 87350U          21030.57677450  .00000352  00000+0  12513-3 0  9994
2 87350  98.0444 263.9845 0254884  98.8677 264.1451 14.22966721373182
UNKNOWN                 
1 87359U          21030.06105808  .00000156  00000+0  26463-3 0  9991
2 87359  65.8504  54.9671 0131318  37.7934 323.2257 13.66797774359912
UNKNOWN                 
1 87382U          21028.75576989  .00010393  00000+0  17212-2 0  9997
2 87382  70.9707  45.1524 0012331 244.4751 115.5126 14.70403210294466
UNKNOWN                 
1 87397U          21030.25742881  .00002891  00000+0  54014-3 0  9993
2 87397  81.2412 225.3957 0013997 314.1749  45.8301 14.64671286295760
UNKNOWN                 
1 87405U          21030.38955867  .00000703  00000+0  56526-3 0  9997
2 87405  82.7600   9.4714 0055197  14.4150 345.8572 13.88544031364000
UNKNOWN                 
1 87410U          21027.32434880  .00000533  00000+0  53252-2 0  9993
2 87410 102.2907 339.3844 0202826   1.2539 358.8984 12.18493242319854
UNKNOWN                 
1 87415U          21030.25826324  .00000930  00000+0  86607-3 0  9994
2 87415  65.3572 338.3275 0036651 305.3652  54.3990 13.86777358363345
UNKNOWN                 
1 87416U          21028.97164405  .00000922  00000+0  38013-3 0  9995
2 87416  82.8376  32.0192 0018927 157.0078 203.1958 14.25797987354597
UNKNOWN                 
1 87423U          21030.43652499  .00004631  00000+0  49965-3 0  9991
2 87423  98.8345  23.2103 0053830 196.6954 163.2490 14.87920231295821
UNKNOWN                 
1 87426U          21029.74495322  .00000514  00000+0  31378-3 0  9991
2 87426  65.8082  28.2724 0071723 149.0881  23.5373 14.13212925370355
UNKNOWN                 
1 87433U          21030.11804858  .00000334  00000+0  74011-3 0  9991
2 87433 100.2551 162.8095 0057804 199.4543 160.4375 13.35565664194937
UNKNOWN                 
1 87448U          21029.42226787  .00000930  00000+0  86862-3 0  9997
2 87448 100.4561  10.5731 0069249  99.2291 261.6701 13.83965089362814
UNKNOWN                 
1 87455U          21030.22268329  .00013726  73377-6  64438-3 0  9999
2 87455  63.3728 217.9164 2957541 251.6755  74.3349  9.44363483240093
UNKNOWN                 
1 87456U          21029.20837495  .00000190  00000+0  57706-4 0  9990
2 87456  65.7928 359.5335 0621578 182.5946 177.1857 13.86012692363305
UNKNOWN                 
1 87468U          21029.39710905  .00001349  00000+0  17062-3 0  9996
2 87468  74.0152 179.9786 0067876  34.7521 325.8060 14.81339590215800
UNKNOWN                 
1 87491U          21029.43366914  .00001559  00000+0  39410-3 0  9998
2 87491  98.6457  92.8539 0073481 203.4629 156.3207 14.50893773323442
UNKNOWN                 
1 87501U          21019.58034262  .00002606  00000+0  82110-3 0  9992
2 87501  74.0355 321.8878 0020530 131.5697 228.7223 14.40731779210020
UNKNOWN                 
1 87517U          21028.39826744  .00000228  00000+0  10732-3 0  9991
2 87517  65.8287 175.8780 0722225  72.8532 324.1862 13.45426544352542
UNKNOWN                 
1 87520U          21030.35350135  .00000955  00000+0  22120-2 0  9990
2 87520 101.5896  73.5054 0205918 231.8639 126.3755 13.20951968345279
UNKNOWN                 
1 87541U          21030.19355047 -.00000136  00000+0 -18240-3 0  9994
2 87541  99.9048 294.8835 0058877 225.0578 294.7233 13.34865209344821
UNKNOWN                 
1 87553U          21030.39876619  .00000077  00000+0  57159-4 0  9997
2 87553  65.6730 283.8361 0750804 292.4747  59.8491 13.41621655352063
UNKNOWN                 
1 87557U          21029.91151247  .00001045  00000+0  30061-2 0  9997
2 87557 101.7286  20.1111 0085066 288.0812  71.1042 13.12192921330786
UNKNOWN                 
1 87561U          21030.15742367 -.00000031  00000+0  11701-3 0  9995
2 87561 102.2246 100.4479 0174229 294.1047  92.1457 12.32177924323502
UNKNOWN                 
1 87565U          21027.74282952  .00000280  00000+0  19510-3 0  9990
2 87565  99.9730 201.0121 0182972 283.2375  74.8434 14.00336328366977
UNKNOWN                 
1 87569U          21030.06635692 -.00000035  00000+0  62577-4 0  9997
2 87569 101.7939 134.0196 0056198 156.9683  17.4268 12.68468663333061
UNKNOWN                 
1 87574U          21030.28543452  .00006947  00000+0  10155-2 0  9999
2 87574  73.9938 236.0131 0048504 339.4091  20.5126 14.75073086270813
UNKNOWN                 
1 87587U          21029.58986179  .00000021  00000+0  15492-4 0  9999
2 87587  74.0251 146.8360 0022030 254.9130 104.9587 14.38843037377984
UNKNOWN                 
1 87590U          21028.04765312  .00000289  00000+0  19748-3 0  9990
2 87590  99.0020  68.6524 0026668 244.9851 145.0683 14.07541534904715
UNKNOWN                 
1 87594U          21030.04073820 -.00000045  00000+0  77920-4 0  9991
2 87594  63.1314 258.1980 0091698  85.5515 275.5978 13.44821890353079
UNKNOWN                 
1 87616U          21029.74847403 -.00000264  00000+0 -71352-3 0  9993
2 87616  66.0404  36.8925 0637601 175.8724 358.3124 12.44654585314794
UNKNOWN                 
1 87624U          21030.47991960  .00000339  00000+0  87450-4 0  9990
2 87624  98.7938 221.3040 0129567 293.2712  65.4886 14.52453373321326
UNKNOWN                 
1 87632U          21030.42365994  .00000257  00000+0  12806-1 0  9995
2 87632  85.9022 196.2424 1995365  25.2181 343.3980  8.79143898176257
UNKNOWN                 
1 87642U          21030.30632043  .00002611  00000+0  15469-3 0  9991
2 87642  62.2257  47.6821 0190930 126.8608 235.0161 15.00359164384416
UNKNOWN                 
1 87656U          21025.52393523  .00004404  00000+0  10663-2 0  9993
2 87656  99.1304 122.5069 0015507 327.7928  32.2317 14.53507367740562
UNKNOWN                 
1 87664U          21030.02949003 -.00000286  00000+0 -67847-3 0  9996
2 87664  99.7135  58.1188 0214407  86.6713 306.0366 13.06065635309222
UNKNOWN                 
1 87672U          21030.21496840  .00000417  00000+0  22288-3 0  9996
2 87672  70.8603 207.1526 0060905  83.3632 277.4418 14.18084003371849
UNKNOWN                 
1 87681U          21029.53953201  .00000002  00000+0  81543-4 0  9998
2 87681  66.7393 331.9550 0168272 257.1533 101.0688 13.66850636358525
UNKNOWN                 
1 87690U          21029.68112959  .00001240  00000+0  22247-3 0  9991
2 87690  65.7978 190.2080 0685647 213.9999 141.5299 13.77346491361031
UNKNOWN                 
1 87692U          21030.45868373  .00013413  00000+0  10868-2 0  9998
2 87692  70.8559 284.6929 0013061 207.3403 152.7077 14.99746280386093
UNKNOWN                 
1 87706U          21030.27445612  .00000318  00000+0  89591-4 0  9992
2 87706  98.5074 146.5283 0136045 292.8677  95.3036 14.47715996320343
UNKNOWN                 
1 87725U          21030.53705030  .00000863  00000+0  28618-3 0  9992
2 87725  82.8985 320.9165 0031210 283.8610  75.9108 14.36636823376112
UNKNOWN                 
1 87727U          21027.20344027  .00000630  00000+0  13125-3 0  9998
2 87727  70.9853   3.4221 0008260 192.0276 168.0676 14.64003696380891
UNKNOWN                 
1 87730U          21030.47943291  .00000052  00000+0  39815-4 0  9996
2 87730  82.9450 108.6911 0028454 275.7553  84.0359 13.74161503341220
UNKNOWN                 
1 87732U          21030.14791235  .00129825  00000+0  29661-2 0  9997
2 87732  98.7031 282.0319 0021779 232.7824 127.1432 15.42105820299925
UNKNOWN                 
1 87737U          21029.89454949 -.00000009  00000+0  37205-4 0  9998
2 87737  99.6358 255.9968 0134225 123.2080 238.2019 13.71993830360043
UNKNOWN                 
1 87764U          21029.94993948  .00000726  00000+0  17622-3 0  9996
2 87764  65.6730 223.0343 0498041 236.5493 283.6934 14.03726315367672
UNKNOWN                 
1 87771U          21029.10439863 -.00000050  00000+0 -11004-4 0  9994
2 87771 100.6065 172.8016 0120123  77.4358 284.0161 13.18996438300566
UNKNOWN                 
1 87782U          21030.25748881  .00000814  00000+0  32849-2 0  9991
2 87782 102.3445  26.1158 0068271 215.7645 143.8863 12.90009357338058
UNKNOWN                 
1 87784U          21030.42652711  .00121679  00000+0  45733-2 0  9997
2 87784  62.1435  47.5164 1087568 335.8685  19.4797 13.32776608179936
UNKNOWN                 
1 87817U          21027.97366380  .00003719  00000+0  27555-3 0  9991
2 87817  62.7674 120.6360 0153489 342.0103  17.5593 14.96036974419021
UNKNOWN                 
1 87818U          21029.99712821  .00004834  00000+0  11881-2 0  9994
2 87818  61.9177 296.5288 3828359 185.8827 167.9906  7.59361435145520
UNKNOWN                 
1 87841U          21029.93659708  .00000899  00000+0  48345-3 0  9991
2 87841 102.8846 108.3422 0200036 117.9908 244.1644 14.07411983368409
UNKNOWN                 
1 87843U          21029.15774607 -.00000184  00000+0 -36352-3 0  9997
2 87843  99.6733 281.0841 0241213 184.9142 174.9597 13.09872678330868
UNKNOWN                 
1 87845U          21026.06123591  .00001572  00000+0  31261-2 0  9999
2 87845  98.8817 319.3616 0592146  16.3178 345.6120 12.84056790336204
UNKNOWN                 
1 87848U          21030.17353182  .00000165  00000+0  36075-4 0  9997
2 87848  74.0134 195.6883 0021281 283.9282  75.9519 14.65745808384597
UNKNOWN                 
1 87878U          21029.21623418  .00000508  00000+0  21986-3 0  9990
2 87878  99.2252  21.8648 0042699  21.8247 338.4739 14.28576063356656
UNKNOWN                 
1 87883U          21025.90266847  .00000175  00000+0  83023-4 0  9998
2 87883  99.2789 261.3068 0298139 339.3492  19.5833 14.12012454320649
UNKNOWN                 
1 87884U          21029.88660334  .00000232  00000+0  15285-3 0  9997
2 87884  98.5342 194.5997 0157368  35.5859 325.5683 14.04374824368722
UNKNOWN                 
1 87898U          21030.02084898  .00001979  00000+0  74148-3 0  9997
2 87898  98.9246 241.7285 0134442  48.3118 312.9476 14.27983144373493
UNKNOWN                 
1 87934U          21027.18490164  .00000037  00000+0  23696-4 0  9995
2 87934  82.9378 175.1597 0029781 305.7881 230.0514 13.72784443359997
UNKNOWN                 
1 87942U          21029.66917032  .00001702  00000+0  18961-3 0  9995
2 87942  99.0606 290.0055 0147383  22.9154   7.6090 14.81222561381592
UNKNOWN                 
1 87960U          21030.16149170  .00000300  00000+0  10847-2 0  9999
2 87960  67.6329 170.1074 0610884 252.7321 287.3444 12.54419779861392
UNKNOWN                 
1 87970U          21030.58580075  .00015370  00000+0  67030-3 0  9999
2 87970  99.0298 265.4031 0034412  34.2933 326.0510 15.21759247340231
UNKNOWN                 
1 87972U          21029.04819904  .00002460  00000+0  91677-3 0  9996
2 87972  98.8162 307.8647 0165086 178.6617 181.5038 14.25642621321304
UNKNOWN                 
1 87991U          21029.89778933  .00002007  00000+0  41677-2 0  9997
2 87991  28.6254 123.2937 0904146 220.4904 132.4809 12.29322766303716
UNKNOWN                 
1 87997U          21030.52029683  .00268047  12989-4  32778-2 0  9990
2 87997  63.0793  93.6911 0992111  37.8516 328.8220 13.73490853295118
UNKNOWN                 
1 87998U          21030.37913413  .00000114  00000+0  92248-4 0  9992
2 87998  98.7545  83.4788 0027252 239.9612 119.8854 14.07878581298564
UNKNOWN                 
1 88028U          21030.59380923 -.00000232  00000+0 -12328-3 0  9998
2 88028  20.9256 157.0661 7063294  14.8568 357.9821  2.44658210 59114
UNKNOWN                 
1 88049U          21024.94292213  .00000101  00000+0  75953-3 0  9993
2 88049  64.2645 257.8032 5505679  41.8945 353.4202  4.30639840112834
UNKNOWN                 
1 88078U          21028.40355128  .00000602  00000+0  18830-2 0  9991
2 88078 101.5198  12.1520 0268296 311.4138  46.4183 12.98260679322972
UNKNOWN                 
1 88079U          21030.28959539  .00002306  00000+0  84607-3 0  9996
2 88079  20.6954  15.7803 4716295 224.2348  86.6900  6.01084381120376
UNKNOWN                 
1 88096U          21030.19028072  .00003132  00000+0  58021-2 0  9992
2 88096  65.1987 330.4691 5135628 128.0680 290.5472  5.15338272163847
UNKNOWN                 
1 88107U          21030.40756168  .00001658  00000+0  40851-2 0  9996
2 88107  20.6625   8.6738 6735758  33.3775 354.9382  2.88340893 56019
UNKNOWN                 
1 88117U          21030.26462607  .00000090  00000+0  13475-3 0  9995
2 88117  20.3766 108.7069 4898304  71.9908 334.1308  5.58109807118119
UNKNOWN                 
1 88153U          21029.01985768  .00000065  00000+0  00000+0 0  9992
2 88153  62.9449 285.6835 6361486 241.1366  41.7784  2.98412841 65950
UNKNOWN                 
1 88173U          21030.27227727  .00000346  00000+0  26891-3 0  9990
2 88173  99.1697 322.0443 0159052 293.8148  64.6408 13.93592682353158
UNKNOWN                 
1 88216U          21030.09088575  .00001501  00000+0  38872-2 0  9999
2 88216  21.7317 274.1852 6660081  84.6861 342.2335  2.97886435 61738
UNKNOWN                 
1 88238U          21029.28934637 -.00000039  00000+0  11366-3 0  9997
2 88238  21.4718  94.3214 7034070 114.7643 330.5493  2.54229318 59720
UNKNOWN                 
1 88255U          21023.17261371  .00008219  00000+0  86039-3 0  9992
2 88255  20.3763  14.1828 4725578 252.2073  52.2272  6.11578293126634
UNKNOWN                 
1 88269U          21025.43623735 -.00000042  00000+0  00000+0 0  9991
2 88269  62.9531   0.2523 4684706 279.7359 263.9802  5.35423979140585
UNKNOWN                 
1 88270U          21027.53332274  .00001311  00000+0  21920-2 0  9997
2 88270  48.8518 210.0362 6545426  84.9180 341.3692  3.14373048 67854
UNKNOWN                 
1 88271U          21023.50514399 -.00000040  00000+0  14976-2 0  9993
2 88271  64.1301  37.0488 5577828 254.8929 249.7368  3.90231099102293
UNKNOWN                 
1 88288U          21011.61371596  .00311097  00000+0  78218-2 0  9995
2 88288  20.6973   0.9712 3544072 254.4770  64.3231  8.36727211 19596
UNKNOWN                 
1 88313U          21030.24550209  .00005886  00000+0  61573-2 0  9996
2 88313  20.3723  53.5615 6841269 314.0504   6.7643  2.79375340 71600
UNKNOWN                 
1 88323U          21015.23865266 -.00000194  00000+0  00000+0 0  9994
2 88323  18.3403 102.9920 6665731 301.6831  10.1577  1.96377050 42021
UNKNOWN                 
1 88342U          21030.12550811  .00010762  00000+0  36767-2 0  9990
2 88342  20.9437 357.7818 5227265  25.1645 353.0849  5.19273445105270
UNKNOWN                 
1 88355U          21030.41620957 -.00000165  00000+0  00000+0 0  9990
2 88355  20.5567  78.6405 6968540 248.2572  27.9808  2.24704105 45664
UNKNOWN                 
1 88710U          21029.68014919  .00000217  00000+0  72850-3 0  9990
2 88710  63.4522 121.4574 5761477 249.3970 331.8848  4.16128322109243
UNKNOWN                 
1 88716U          21028.85655983 -.00000380  00000+0 -27438-2 0  9990
2 88716  63.7121 322.5220 3855941 313.2794  36.2557  6.85133009179877
UNKNOWN                 
1 89003U          21029.71143909  .00000027  00000+0  18681-4 0  9994
2 89003  74.0470  32.2861 0015922 173.6954 186.4402 14.34660947376465
UNKNOWN                 
1 89005U          21030.54674213  .00000566  00000+0  16428-3 0  9990
2 89005  97.9481 334.5774 0223763  28.6341 332.6922 14.34313531278622
UNKNOWN                 
1 89029U          21030.51008282  .00000315  00000+0  50693-4 0  9995
2 89029  98.2524 231.6351 0030268 326.3520  33.5768 14.78390291387588
UNKNOWN                 
1 89037U          21014.91125400  .00000720  00000+0  45317-3 0  9998
2 89037  98.4112   7.7024 0139666 208.3450 151.0069 14.02507050270316
UNKNOWN                 
1 89048U          21029.31665124  .00003537  00000+0  83648-3 0  9990
2 89048  98.9224 241.0494 0018041 346.6796  13.3920 14.54715689379067
UNKNOWN                 
1 89067U          21029.83029195  .00003877  00000+0  12842-3 0  9995
2 89067  80.9872  70.5907 0603633 319.8906  35.9143 14.37749513324751
UNKNOWN                 
1 89074U          21029.76488977  .00001161  00000+0  14311-2 0  9998
2 89074 100.2931  23.9093 0053973 182.7115 351.7167 13.67115822345619
UNKNOWN                 
1 89101U          21030.24197327 -.00000182  00000+0 -42380-3 0  9992
2 89101 100.2447  20.6722 0148034 123.2364 238.3030 13.03607798323213
UNKNOWN                 
1 89123U          21030.20118569  .00001472  00000+0  74205-3 0  9995
2 89123  99.0679 116.4477 0064282 278.2088  81.1798 14.16916059274809
UNKNOWN                 
1 89127U          21029.64910587  .00003082  00000+0  34690-3 0  9998
2 89127  74.0698 265.6995 0042537  56.9070 303.6182 14.86479300227593
UNKNOWN                 
1 89132U          21028.71896945  .00000936  00000+0  83827-3 0  9993
2 89132  63.3847 292.3914 3072074 318.8477  21.6710  8.72226430168902
UNKNOWN                 
1 89135U          21028.44696001  .00001360  00000+0  69243-3 0  9995
2 89135  71.0631  98.3710 0133136  81.4782 280.1402 14.13036345370019
UNKNOWN                 
1 89140U          21030.53298916  .00006071  00000+0  18385-2 0  9991
2 89140  98.9192  71.7000 0001751 177.6301 182.4896 14.42667028233822
UNKNOWN                 
1 89143U          21030.34800513  .00000564  00000+0  11533-3 0  9995
2 89143  65.1574  53.7842 0464799 227.7246 128.3546 14.18445138149421
UNKNOWN                 
1 89146U          21030.58084369  .00000312  00000+0  88901-4 0  9992
2 89146  98.1445 337.0276 0120634 132.7515 228.3905 14.47523732370860
UNKNOWN                 
1 89158U          21030.46541597  .00002391  00000+0  27902-3 0  9995
2 89158  98.8535  36.0584 0093917 171.3571 188.9284 14.83207319226919
UNKNOWN                 
1 89161U          21030.06729192  .00000656  00000+0  99523-4 0  9995
2 89161  97.7897  75.2452 0135332 165.0171 195.5108 14.71362608284446
UNKNOWN                 
1 89171U          21030.36295328  .00006596  00000+0  62724-3 0  9999
2 89171  99.0194 186.3410 0062774 238.5328 120.9742 14.92388131288711
UNKNOWN                 
1 89172U          21030.39283710  .00000830  00000+0  19938-3 0  9999
2 89172  82.0791  24.1256 0421416 144.0691 218.9624 14.09663811349343
UNKNOWN                 
1 89177U          21028.52992736  .00000889  00000+0  94004-3 0  9992
2 89177  82.9249 147.8442 0023255 326.7934  33.1760 13.73388581818722
UNKNOWN                 
1 89183U          21030.26334074  .00000097  00000+0  12834-3 0  9990
2 89183  99.1814 326.8737 0132881 195.6836 164.0181 13.79037982361808
UNKNOWN                 
1 89184U          21030.25710362  .00001004  00000+0  34205-3 0  9993
2 89184  98.4951 226.8965 0019557 153.8606 206.3573 14.38525505234498
UNKNOWN                 
1 89195U          21022.11137480  .00000611  00000+0  28671-3 0  9998
2 89195  98.8102  84.4765 0028645  24.1721 336.0794 14.23567954272939
UNKNOWN                 
1 89206U          21030.31577551  .00001110  00000+0  49450-3 0  9992
2 89206  98.7370  53.3771 0028604 309.1583  50.7055 14.24647036232215
UNKNOWN                 
1 89213U          21028.52240477  .00000058  00000+0  67542-4 0  9997
2 89213  98.8630 324.7124 0233371 307.2243  50.7823 13.89031203205497
UNKNOWN                 
1 89218U          21030.56055141  .00000933  00000+0  91347-3 0  9992
2 89218 100.3446 152.0777 0106177 257.2595 101.6669 13.79762670348152
UNKNOWN                 
1 89255U          21030.45198674  .00000263  00000+0  39395-3 0  9991
2 89255  98.6280  29.3278 0364313 270.1152  85.8244 13.37169238257337
UNKNOWN                 
1 89261U          21030.58889481  .00000122  00000+0  52762-4 0  9993
2 89261  98.2724  81.0213 0014633 129.4156 230.8330 14.39111459277968
UNKNOWN                 
1 89281U          21029.15932587  .00001798  00000+0  54806-3 0  9992
2 89281  99.3302  99.9690 0016388  42.8603 345.8141 14.43288272377203
UNKNOWN                 
1 89285U          21030.07542675  .00109184  32787-5  40546-2 0  9990
2 89285  62.9083 297.7046 2099850  79.8514 303.1169 11.20197358157636
UNKNOWN                 
1 89304U          21028.60373869  .00001032  00000+0  11269-1 0  9994
2 89304  85.0542 159.6553 2507921  15.7616 358.0073  8.84348370280007
UNKNOWN                 
1 89314U          21030.52535633 -.00000018  00000+0  12357-3 0  9993
2 89314  18.9046 212.3333 7141444 326.6205   3.9082  2.37073260 45068
UNKNOWN                 
1 89327U          21030.53305658  .00001253  00000+0  10731-2 0  9994
2 89327  82.5404 320.6571 0010732  88.1773 272.0618 13.86167254228073
UNKNOWN                 
1 89341U          21030.23870159  .00023175  00000+0  46281-3 0  9997
2 89341  98.1884  28.9791 0009289   7.5964 352.5422 15.46801821347520
UNKNOWN                 
1 89347U          21030.46730285  .00003818  00000+0  74272-3 0  9996
2 89347  86.2865  37.4585 0047089 140.3570 220.1099 14.62159974237135
UNKNOWN                 
1 89349U          21030.55319277  .00000107  00000+0  35285-3 0  9991
2 89349  90.2866 325.6053 0029293 255.8369 103.9496 12.95486292248591
UNKNOWN                 
1 89379U          21030.41189095 -.00000248  00000+0 -32452-3 0  9993
2 89379 100.5288 276.3111 0043731 107.5348 253.0567 13.47450465340373
UNKNOWN                 
1 89381U          21029.30727154  .00006576  00000+0  12440-2 0  9998
2 89381  98.7826 161.1818 0078161 260.0960  99.1410 14.62776165215404
UNKNOWN                 
1 89389U          21030.09427676  .00001356  00000+0  21221-3 0  9999
2 89389  74.0514 329.9945 0081139 115.7265 245.2312 14.71618026280375
UNKNOWN                 
1 89390U          21030.27375772  .00006287  00000+0  62581-3 0  9992
2 89390  98.9635 144.6802 0043129 212.5022 147.3537 14.91380534368385
UNKNOWN                 
1 89391U          21030.21231308  .00002307  00000+0  22219-3 0  9996
2 89391  97.3944 210.8684 0204504 224.9939 133.4550 14.79460816162208
UNKNOWN                 
1 89395U          21030.08162531  .00000022  00000+0  73778-3 0  9994
2 89395 102.3840  82.8509 0223437 271.8440 114.3809 12.01112427311285
UNKNOWN                 
1 89400U          21008.20116068 -.00000018  00000+0  00000+0 0  9994
2 89400  63.1641 331.8080 2290378  90.9608 295.2007  8.14681115201890
UNKNOWN                 
1 89403U          21030.28666471  .00001685  00000+0  58623-2 0  9995
2 89403  90.2828 324.0180 0023588 256.6683 259.0161 12.96394855247341
UNKNOWN                 
1 89438U          21030.18986052  .00014645  00000+0  11425-2 0  9991
2 89438  86.3641   7.8008 0013666   5.6423 354.4961 15.00990206281147
UNKNOWN                 
1 89453U          21030.48588469  .00002174  00000+0  15829-3 0  9998
2 89453  97.2619 223.9746 0151462  67.5376 294.1806 14.95932218240775
UNKNOWN                 
1 89460U          21030.59351427  .00000332  00000+0  74178-3 0  9996
2 89460 100.2945 163.0467 0062382 200.0675 159.7995 13.34926560195771
UNKNOWN                 
1 89483U          21028.61044003  .00002109  00000+0  24004-3 0  9997
2 89483  99.4793 345.7213 0269829  90.1357 273.0760 14.64743374235841
UNKNOWN                 
1 89484U          21029.74661687  .00000880  00000+0  16071-1 0  9993
2 89484  85.3018 211.8508 2359373  59.2432 321.9728  8.83002480196902
UNKNOWN                 
1 89490U          21029.44567372  .00002007  00000+0  98724-3 0  9993
2 89490  98.3610  23.1813 0133154  22.7857 337.9152 14.14131088227603
UNKNOWN                 
1 89492U          21022.36155905  .00001790  00000+0  13437-2 0  9999
2 89492  82.5294  67.5964 0028714  47.1799 313.1773 13.93781054318222
UNKNOWN                 
1 89493U          21030.55094558  .00000426  00000+0  27743-3 0  9997
2 89493  99.1570  61.1511 0091576 336.6171  23.0844 14.05968260213565
UNKNOWN                 
1 89494U          21029.35026725  .00000587  00000+0  37251-3 0  9998
2 89494  99.1577  59.9462 0091895 340.0400  19.7182 14.05949255213257
UNKNOWN                 
1 89496U          21030.47912342  .00002454  00000+0  32389-3 0  9996
2 89496  98.9008  45.5750 0093775 243.0597 116.1008 14.78159366216184
