NOAA 15                 
1 25338U 98030A   21030.56258779  .00000022  00000+0  27558-4 0  9990
2 25338  98.6975  60.2151 0009743 326.9584  33.0986 14.26010857181342
NOAA 18                 
1 28654U 05018A   21030.60901795  .00000099  00000+0  77953-4 0  9994
2 28654  99.0140  94.8118 0013448 313.3449  46.6600 14.12577226808980
METOP-A                 
1 29499U 06044A   21030.59765200  .00000009  00000+0  23474-4 0  9999
2 29499  98.4928  75.2326 0000939  67.6129  85.7936 14.21496892740973
NOAA 19                 
1 33591U 09005A   21030.55948708  .00000004  00000+0  27428-4 0  9997
2 33591  99.1926  47.7821 0014354 155.9354 204.2490 14.12450544617192
METOP-B                 
1 38771U 12049A   21030.64961950  .00000006  00000+0  22723-4 0  9993
2 38771  98.6998  92.6781 0002417  77.9261  74.9228 14.21496263434300
SARAL                   
1 39086U 13009A   21030.60646249 -.00000016  00000+0  10273-4 0  9996
2 39086  98.5418 218.7208 0000610  36.0555 324.0669 14.32043238414517
METOP-C                 
1 43689U 18087A   21030.58680021  .00000007  00000+0  23037-4 0  9995
2 43689  98.7069  93.0157 0003330  68.7133 291.4400 14.21489679115865
ANGELS                  
1 44876U 19092D   21030.57347322  .00000394  00000+0  23604-4 0  9993
2 44876  97.4622 216.2525 0011262 310.2411  49.7836 15.16566385 62009
