BEIJING 1               
1 28890U 05043A   21030.62986160  .00000044  00000+0  18321-4 0  9999
2 28890  98.0555 159.1787 0014076 313.7481  46.2558 14.61317072813705
HJ-1A                   
1 33320U 08041A   21030.54201216  .00000178  00000+0  32125-4 0  9993
2 33320  97.7573  80.2598 0024713  48.5969 311.7361 14.77111645668123
HJ-1B                   
1 33321U 08041B   21030.57734966  .00000198  00000+0  34653-4 0  9990
2 33321  97.7656  82.8873 0036330  83.2463 277.2887 14.77320325668130
YAOGAN 4                
1 33446U 08061A   21030.42144339  .00000068  00000+0  16616-4 0  9998
2 33446  97.7589 342.8271 0015458 328.7435  31.2855 14.77080535655335
DEIMOS-1                
1 35681U 09041A   21030.62314267  .00000077  00000+0  19748-4 0  9990
2 35681  97.7782 260.6652 0002640  67.6960 292.4533 14.71870526617809
UK-DMC 2                
1 35683U 09041C   21030.55252438  .00000014  00000+0  96605-5 0  9994
2 35683  97.6836 226.5713 0001935  95.9172 264.2267 14.71185836617572
RISAT 1                 
1 38248U 12017A   21030.58222870  .00000580  00000+0  39248-4 0  9998
2 38248  97.5637  43.0164 0004336 164.9680 195.1679 15.10339569482893
DMC3-FM1                
1 40715U 15032A   21030.57323732  .00000019  00000+0  10572-4 0  9994
2 40715  97.9104 284.8833 0014680 210.7333 149.3023 14.73685112299104
DMC3-FM2                
1 40716U 15032B   21030.52782908  .00000007  00000+0  86005-5 0  9996
2 40716  97.9133 285.2707 0011773 219.9384 140.0959 14.73698747299103
DMC3-FM3                
1 40717U 15032C   21030.55007677 -.00000070  00000+0 -31514-5 0  9990
2 40717  97.9149 286.0545 0015568 212.4969 147.5338 14.73685932299108
