PROBA-1                 
1 26958U 01049B   21030.53112616 -.00000465  00000+0 -34248-4 0  9996
2 26958  97.7513 348.3131 0071432 221.4657 138.1107 14.95623228 49298
BIRD 2                  
1 26959U 01049C   21030.61450248  .00001443  00000+0  40430-4 0  9997
2 26959  97.8158  85.2600 0008273  19.3766 340.7791 15.38474067375780
CUTE-1 (CO-55)          
1 27844U 03031E   21030.59341608  .00000049  00000+0  41469-4 0  9994
2 27844  98.6819  40.8857 0010836 115.6267 244.6031 14.22285141912389
CUBESAT XI-IV (CO-57)   
1 27848U 03031J   21030.54574263  .00000030  00000+0  33533-4 0  9991
2 27848  98.6880  41.4069 0010617 127.6260 232.5882 14.21865418912218
GENESIS 1               
1 29252U 06029A   21030.39202120  .00000524  00000+0  35194-4 0  9998
2 29252  64.5218 279.1855 0025952 339.0938  20.9121 15.18449646802556
FALCONSAT-3             
1 30776U 07006E   21030.35508012  .00003286  00000+0  83112-4 0  9993
2 30776  35.4336 266.8785 0001323  60.5719 299.5140 15.39431432771806
GENESIS 2               
1 31789U 07028A   21030.54151581  .00000615  00000+0  40438-4 0  9995
2 31789  64.5074 320.7645 0027942 217.2660 142.6525 15.17588700749637
APRIZESAT 4             
1 35684U 09041D   21030.51068802  .00000045  00000+0  13659-4 0  9992
2 35684  98.2983  22.2062 0047462 163.1054 197.1750 14.79332875620708
APRIZESAT 3             
1 35686U 09041F   21030.43925636  .00000098  00000+0  16997-4 0  9998
2 35686  98.1537 100.0078 0073390  29.4241 331.1075 14.87463140623822
PROBA-2                 
1 36037U 09059B   21030.51083963  .00000014  00000+0  14110-4 0  9998
2 36037  98.2217 221.6352 0012628 215.4630 144.5727 14.53124241596211
APRIZESAT 5             
1 37792U 11044E   21030.54325265  .00000085  00000+0  20560-4 0  9995
2 37792  98.3918 244.1128 0058450 163.7642 196.5456 14.75452196508835
APRIZESAT 6             
1 37793U 11044F   21030.49819883  .00000065  00000+0  18905-4 0  9992
2 37793  98.4283 219.4327 0046380 204.4504 209.9765 14.72507799507846
TET-1                   
1 38710U 12039D   21030.57721008  .00003606  00000+0  59374-4 0  9996
2 38710  97.5757  76.7156 0003608  87.6438 272.5227 15.53070918479114
PROBA-V                 
1 39159U 13021A   21030.55286968 -.00000020  00000+0  93991-5 0  9997
2 39159  98.4304  84.8488 0005260 114.9844 245.1882 14.22995647401803
STPSAT-3                
1 39380U 13064A   21030.41431661  .00001262  00000+0  38724-4 0  9997
2 39380  40.4990 169.6271 0003314 231.7967 128.2550 15.38231164401731
APRIZESAT 7             
1 39416U 13066A   21030.60368413  .00000056  00000+0  12785-4 0  9993
2 39416  97.5318  32.6125 0040254 213.4693 146.3978 14.84032349389455
APRIZESAT 8             
1 39425U 13066K   21030.56230358  .00000070  00000+0  15302-4 0  9998
2 39425  97.5697  23.0454 0050448 248.1359 111.4485 14.81241446388513
BUGSAT-1 (TITA)         
1 40014U 14033E   21030.54234638  .00000859  00000+0  82459-4 0  9994
2 40014  98.0946   5.3352 0029929 259.9257  99.8569 14.95630089360959
SAUDISAT 4              
1 40016U 14033G   21030.55424339  .00000048  00000+0  14250-4 0  9990
2 40016  97.6820 247.0441 0047670 333.1176  26.7565 14.75328774356244
APRIZESAT 9             
1 40018U 14033J   21030.48002628  .00000046  00000+0  15284-4 0  9993
2 40018  97.6962 223.9850 0072064  29.6416 330.8845 14.70024224354751
APRIZESAT 10            
1 40019U 14033K   21030.44755929  .00000052  00000+0  16982-4 0  9992
2 40019  97.7241 213.2689 0085457  62.8571 298.1317 14.67080948354049
TDS 1                   
1 40076U 14037H   21030.50228783  .00000300  00000+0  42687-4 0  9996
2 40076  98.4453 229.8866 0005891 249.8740 110.1839 14.84638129355068
TIANTUO 2               
1 40144U 14053B   21030.48955269  .00001400  00000+0  43158-4 0  9999
2 40144  97.2350 115.3993 0010757 202.6047 287.9508 15.35230209357883
TECHNOSAT               
1 42829U 17042E   21030.56471207  .00000062  00000+0  11559-4 0  9999
2 42829  97.4895 267.2466 0012745 245.2108 114.7786 14.91210412193139
FLYING LAPTOP           
1 42831U 17042G   21030.60673886  .00000628  00000+0  68345-4 0  9997
2 42831  97.4901 267.4731 0012627 244.6557 115.3401 14.91232217193146
HAWK-A                  
1 43765U 18099H   21030.58361371  .00000361  00000+0  37030-4 0  9998
2 43765  97.6822 104.8289 0015480 151.5118 208.6951 14.96223101117934
HAWK-B                  
1 43794U 18099AN  21030.45025689 -.00000207  00000+0 -13215-4 0  9995
2 43794  97.6791 104.6986 0015659 152.7552 207.4494 14.96219721117905
HAWK-C                  
1 43799U 18099AT  21030.45006189 -.00000205  00000+0 -13017-4 0  9992
2 43799  97.6790 104.6153 0015572 152.6162 207.5883 14.96218042118656
SALSAT                  
1 46495U 20068K   21030.55382875  .00000620  00000+0  50103-4 0  9993
2 46495  97.6831 328.9807 0017378 173.5006 186.6446 15.03342548 18615
