GOES 1 (SMS-C) [-]      
1 08366U 75100A   21030.42043812  .00000040  00000+0  00000+0 0  9998
2 08366   9.4539 302.1257 0003201 347.6422 227.6032  1.00243848165373
GOES 2 [-]              
1 10061U 77048A   21030.52530611  .00000061  00000+0  00000+0 0  9998
2 10061  10.9447 312.5771 0015728   7.5945 205.2670  0.99398018 26753
GOES 3 [-]              
1 10953U 78062A   21029.69496299 -.00000301  00000+0  00000+0 0  9992
2 10953  11.2239 316.7281 0003275  33.3921 165.3314  0.99363620109016
GOES 4 [-]              
1 11964U 80074A   21030.59454986  .00000037  00000+0  00000+0 0  9994
2 11964  12.1322 320.4988 0034944  53.2736  48.5389  0.99226616107958
GOES 5 [-]              
1 12472U 81049A   21030.51061029  .00000016  00000+0  00000+0 0  9993
2 12472  12.7748 331.4059 0002885 357.4798 222.8519  1.00212502103150
GOES 6 [-]              
1 14050U 83041A   21030.51060512  .00000017  00000+0  00000+0 0  9998
2 14050  13.2343 336.5518 0002481  58.2199 155.9545  1.00229218196328
GOES 7 [-]              
1 17561U 87022A   21030.57548573  .00000085  00000+0  00000+0 0  9990
2 17561  14.6337 352.8698 0007467  16.2297 169.3673  0.99902319107340
GOES 8 [-]              
1 23051U 94022A   21030.39925451 -.00000228  00000+0  00000+0 0  9993
2 23051  12.7425  27.8446 0007845 333.2055 231.1057  0.98906401104708
GOES 9 [-]              
1 23581U 95025A   21030.54007814  .00000034  00000+0  00000+0 0  9990
2 23581  12.2309  27.9268 0003618  36.3394 313.7840  0.98798273 93357
GOES 10 [-]             
1 24786U 97019A   21030.62374427  .00000047  00000+0  00000+0 0  9993
2 24786  10.8551  33.7556 0025155 197.6012 342.5981  0.99122512 86605
GOES 11 [-]             
1 26352U 00022A   21030.59982815  .00000067  00000+0  00000+0 0  9996
2 26352   7.6320  63.2214 0003615 247.8191 267.1137  0.99040880 33026
GOES 12 [-]             
1 26871U 01031A   21030.30901949 -.00000249  00000+0  00000+0 0  9994
2 26871   8.6287  51.3753 0008720 288.4901 236.0455  0.99140340 71294
EWS-G1 (GOES 13) [+]    
1 29155U 06018A   21030.12618797  .00000039  00000+0  00000+0 0  9994
2 29155   0.3956 103.4142 0005884 136.9847 356.1514  1.00274080 23670
GOES 14 [B]             
1 35491U 09033A   21030.61617781 -.00000091  00000+0  00000+0 0  9999
2 35491   0.0761 225.3853 0011778   3.1975  19.0447  1.00271001 42435
GOES 15 [B]             
1 36411U 10008A   21030.59965586  .00000053  00000+0  00000+0 0  9999
2 36411   0.4245  98.7039 0002605 309.9639 169.6287  1.00281649 39989
GOES 16 [+]             
1 41866U 16071A   21030.44255002 -.00000245  00000+0  00000+0 0  9998
2 41866   0.0114 262.0630 0001710  73.5626 238.3489  1.00270170 15427
GOES 17 [+]             
1 43226U 18022A   21030.62569750  .00000101  00000+0  00000+0 0  9996
2 43226   0.0549 255.1831 0000653  82.1129 240.7584  1.00269867 10728
