INTELSAT 26 (IS-26)     
1 24732U 97007A   21030.54208458  .00000007  00000+0  00000+0 0  9998
2 24732   9.3573  41.6580 0004567 311.5502  35.5481  1.00272000 53040
GALAXY 25 (G-25)        
1 24812U 97026A   21030.53589081  .00000156  00000+0  00000+0 0  9996
2 24812   2.4634  88.4914 0002396 220.8798  46.3847  1.00273588 86682
INTELSAT 5 (IS-5)       
1 24916U 97046A   21030.59290854  .00000091  00000+0  00000+0 0  9994
2 24916   6.1741  64.2782 0002735 228.2627 273.9201  1.00272661 85932
GALAXY 11 (G-11)        
1 26038U 99071A   21029.64942580 -.00000159  00000+0  00000+0 0  9991
2 26038   1.7615  94.6314 0000709 243.4644 291.6899  1.00271079 77387
INTELSAT 9 (IS-9)       
1 26451U 00043A   21030.44760796 -.00000285  00000+0  00000+0 0  9998
2 26451   6.1607  64.4732 0002649 248.8342 287.6957  1.00269002 24457
INTELSAT 12 (IS-12)     
1 26590U 00068A   21030.54217181  .00000014  00000+0  00000+0 0  9994
2 26590   3.4643  84.2665 0002788 239.2894  65.8303  1.00272438 32026
INTELSAT 1R (IS-1R)     
1 26608U 00072A   21030.63425023 -.00000137  00000+0  00000+0 0  9992
2 26608   3.2250  84.2999 0000393 144.2485 286.9334  1.00271480 21630
INTELSAT 10 (IS-10)     
1 26766U 01019A   21030.22896634  .00000125  00000+0  00000+0 0  9990
2 26766   4.4059  77.3964 0002845 221.1624 321.0219  1.00270200 25922
INTELSAT 901 (IS-901)   
1 26824U 01024A   21030.45205701 -.00000199  00000+0  00000+0 0  9997
2 26824   0.0171 262.6713 0000552  89.7546 272.7349  1.00267833  3288
INTELSAT 902 (IS-902)   
1 26900U 01039A   21030.44752073 -.00000280  00000+0  00000+0 0  9997
2 26900   1.1638  94.4377 0003076 227.1447 279.2928  1.00270706 71027
INTELSAT 904 (IS-904)   
1 27380U 02007A   21030.45162083 -.00000212  00000+0  00000+0 0  9998
2 27380   2.0002  91.1487 0003495 224.4958 307.3090  1.00270175 32078
DIRECTV 5 (TEMPO 1)     
1 27426U 02023A   21030.61133116 -.00000053  00000+0  00000+0 0  9993
2 27426   0.0178  68.8978 0003582 249.6739 281.4393  1.00269260 68553
INTELSAT 905 (IS-905)   
1 27438U 02027A   21030.45266765 -.00000182  00000+0  00000+0 0  9992
2 27438   1.8213  91.9888 0002992 221.8769 314.4840  1.00271588 31674
GALAXY 3C (G-3C)        
1 27445U 02030A   21029.78313197 -.00000146  00000+0  00000+0 0  9990
2 27445   0.0214 330.0466 0002190 351.1360 354.9245  1.00271069 26808
INTELSAT 906 (IS-906)   
1 27513U 02041A   21030.54217181  .00000017  00000+0  00000+0 0  9996
2 27513   0.8289  96.5210 0003117 223.4176  69.3389  1.00271701 67333
GALAXY 12 (G-12)        
1 27715U 03013B   21030.59873404  .00000060  00000+0  00000+0 0  9999
2 27715   2.0361  90.5832 0002056 222.9374 263.0323  1.00271143 32402
GALAXY 23 (G-23)        
1 27854U 03034A   21030.60358281  .00000016  00000+0  00000+0 0  9990
2 27854   0.0400 251.0482 0002948  63.1972 272.0728  1.00272381 64052
GALAXY 13 (HORIZONS 1)  
1 27954U 03044A   21030.59965601  .00000051  00000+0  00000+0 0  9999
2 27954   0.0103  58.4626 0003385 136.4536  23.9524  1.00269061 26885
DIRECTV 7S              
1 28238U 04016A   21030.61424551 -.00000102  00000+0  00000+0 0  9990
2 28238   0.0785  95.4998 0003390 256.0109 252.7887  1.00463966 61378
INTELSAT 10-02          
1 28358U 04022A   21030.40327405 -.00000008  00000+0  00000+0 0  9992
2 28358   0.0547 263.4695 0002407  49.6711 320.8938  1.00271547 60916
XM-3 (RHYTHM)           
1 28626U 05008A   21030.44054359 -.00000202  00000+0  00000+0 0  9990
2 28626   0.0263  94.6176 0002298 347.2881 121.4218  1.00271020 22932
DIRECTV 8               
1 28659U 05019A   21030.60551704  .00000004  00000+0  00000+0 0  9991
2 28659   0.0149  91.0304 0003158 227.8318 270.0938  1.00271179 57437
GALAXY 28 (G-28)        
1 28702U 05022A   21029.65012368 -.00000181  00000+0  00000+0 0  9992
2 28702   0.0173  71.9422 0001908 242.2370 319.9403  1.00272005 32332
GALAXY 14 (G-14)        
1 28790U 05030A   21030.60162838  .00000040  00000+0  00000+0 0  9996
2 28790   0.0198  71.5200 0001527 325.8105 184.2742  1.00271727 56624
GALAXY 15 (G-15)        
1 28884U 05041A   21030.59571759  .00000082  00000+0  00000+0 0  9992
2 28884   0.0307 263.7917 0001630  44.6050 263.0631  1.00272038 55987
SPACEWAY 2              
1 28903U 05046B   21030.64044389  .00000106  00000+0  00000+0 0  9996
2 28903   0.7225  92.9475 0000146 333.5511 155.2190  1.00271785 31657
GALAXY 16 (G-16)        
1 29236U 06023A   21030.61913990 -.00000124  00000+0  00000+0 0  9993
2 29236   0.0159  77.9668 0002902 237.1686 298.7927  1.00270490 53441
DIRECTV 9S              
1 29494U 06043A   21030.61814163 -.00000110  00000+0  00000+0 0  9998
2 29494   0.0210 140.1813 0003114 175.2224 295.9665  1.00271118 31707
XM-4 (BLUES)            
1 29520U 06049A   21030.38046185 -.00000019  00000+0  00000+0 0  9997
2 29520   0.0119 116.9534 0000543 217.2767 177.2579  1.00271583 31788
GALAXY 17 (G-17)        
1 31307U 07016B   21030.43940951 -.00000171  00000+0  00000+0 0  9997
2 31307   0.0136  66.9617 0003722 261.8242 228.2680  1.00270572 50243
DIRECTV 10              
1 31862U 07032A   21030.61715479 -.00000099  00000+0  00000+0 0  9995
2 31862   0.0066 278.2116 0000021 355.6356 335.5666  1.00268905 25920
SPACEWAY 3              
1 32018U 07036A   21029.55327348 -.00000147  00000+0  00000+0 0  9992
2 32018   0.0168 258.6561 0000424  74.3420 260.2296  1.00271774 26851
INTELSAT 11 (IS-11)     
1 32253U 07044B   21030.44900374 -.00000265  00000+0  00000+0 0  9999
2 32253   0.0157  62.6075 0002183 256.9352 289.0148  1.00271641 48907
HORIZONS 2              
1 32388U 07063B   21030.59354858 -.00000180  00000+0  00000+0 0  9991
2 32388   0.0135  83.8863 0003000 233.7118 110.9458  1.00272307 48146
DIRECTV 11              
1 32729U 08013A   21030.61914049 -.00000122  00000+0  00000+0 0  9999
2 32729   0.0152 261.8038 0000234  49.0858 302.8690  1.00267727 25900
GALAXY 18 (G-18)        
1 32951U 08024A   21030.60260866  .00000028  00000+0  00000+0 0  9992
2 32951   0.0129  95.7766 0003213 222.1570 266.0267  1.00271344 26191
INTELSAT 25 (IS-25)     
1 33153U 08034A   21030.45127187 -.00000221  00000+0  00000+0 0  9995
2 33153   0.0163 128.5017 0003168 182.3252 310.0010  1.00270832 46033
GALAXY 19 (G-19)        
1 33376U 08045A   21030.62105906 -.00000136  00000+0  00000+0 0  9993
2 33376   0.0231  95.7702 0003145 222.2622 298.6163  1.00269222 45256
FM-5                    
1 35493U 09034A   21030.30882654 -.00000197  00000+0  00000+0 0  9998
2 35493   0.0190 339.7836 0000593 356.3609 178.6377  1.00274265 26963
INTELSAT 14 (IS-14)     
1 36097U 09064A   21030.44856756 -.00000270  00000+0  00000+0 0  9993
2 36097   0.0132  91.7611 0002607 224.1504 290.4621  1.00272224 40997
INTELSAT 15 (IS-15)     
1 36106U 09067A   21030.59354858 -.00000183  00000+0  00000+0 0  9992
2 36106   0.0172  33.3206 0002479 281.0912 114.4345  1.00272198 21601
DIRECTV 12              
1 36131U 09075A   21030.61715418 -.00000100  00000+0  00000+0 0  9994
2 36131   0.0551 241.3265 0000249 100.9851 267.1945  1.00269872 26871
INTELSAT 16 (IS-16)     
1 36397U 10006A   21030.44237554 -.00000241  00000+0  00000+0 0  9991
2 36397   0.0168  49.1183 0002416 255.4895 268.3450  1.00271375 40145
XM-5                    
1 37185U 10053A   21029.57920080 -.00000200  00000+0  00000+0 0  9999
2 37185   0.0180 154.3726 0000467  88.7717   9.1749  1.00271531 37783
INTELSAT 17 (IS-17)     
1 37238U 10065B   21030.54252076  .00000001  00000+0  00000+0 0  9991
2 37238   0.0063 126.2970 0002688 196.8681  68.1002  1.00271883 33704
INTELSAT NEW DAWN       
1 37392U 11016A   21030.53589081  .00000158  00000+0  00000+0 0  9990
2 37392   0.0319 209.4646 0000975  19.9355 126.2966  1.00274000 33601
INTELSAT 18 (IS-18)     
1 37834U 11056A   21030.05604962  .00000056  00000+0  00000+0 0  9995
2 37834   0.0131  38.3398 0001922 287.8634   3.4505  1.00271970 34212
INTELSAT 22 (IS-22)     
1 38098U 12011A   21030.55327185 -.00000056  00000+0  00000+0 0  9995
2 38098   0.0225  79.6374 0002647 230.6884  90.9263  1.00272365 32128
INTELSAT 19 (IS-19)     
1 38356U 12030A   21030.58441714 -.00000054  00000+0  00000+0 0  9999
2 38356   0.0234  94.4975 0003145 231.8813 180.0434  1.00270380 30771
INTELSAT 20 (IS-20)     
1 38740U 12043A   21030.26577080 -.00000021  00000+0  00000+0 0  9995
2 38740   0.0192 102.8879 0001846  78.0205 112.9511  1.00270594 31059
INTELSAT 21 (IS-21)     
1 38749U 12045A   21030.44595049 -.00000282  00000+0  00000+0 0  9990
2 38749   0.0126  89.6504 0002281 221.7126 281.0613  1.00272413 30855
INTELSAT 23 (IS-23)     
1 38867U 12057A   21030.44699730 -.00000282  00000+0  00000+0 0  9996
2 38867   0.0183 111.7768 0001977 203.5605 282.4638  1.00270278 30285
FM-6                    
1 39360U 13058A   21030.37960383 -.00000014  00000+0  00000+0 0  9997
2 39360   0.0115  41.8922 0000997 114.8345 353.5814  1.00272229 26379
INTELSAT 30 (IS-30)     
1 40271U 14062A   21029.57719438 -.00000146  00000+0  00000+0 0  9995
2 40271   0.0229  86.5629 0001962  30.1113 125.0981  1.00269376 22893
DIRECTV 14              
1 40333U 14078B   21030.30488019 -.00000122  00000+0  00000+0 0  9996
2 40333   0.0217 126.4925 0000555 231.7351 142.0189  1.00271501 22366
DIRECTV 15              
1 40663U 15026A   21030.26336164 -.00000099  00000+0  00000+0 0  9997
2 40663   0.0188  93.4379 0000690 116.8243 271.3752  1.00269929 20774
SKY MEXICO-1            
1 40664U 15026B   21030.44185213 -.00000231  00000+0  00000+0 0  9993
2 40664   0.0162  46.8473 0002695 272.9942 250.3501  1.00271400 20823
INTELSAT 34 (IS-34)     
1 40874U 15039A   21030.44647389 -.00000282  00000+0  00000+0 0  9993
2 40874   0.0165  68.7521 0000574 173.8726 352.4940  1.00272419 19942
INTELSAT 31 (IS-31)     
1 41581U 16035A   21029.57728161 -.00000146  00000+0  00000+0 0  9995
2 41581   0.0188 119.4051 0002240  90.0145  32.3798  1.00268061 16908
INTELSAT 36 (IS-36)     
1 41747U 16053A   21030.12618797 -.00000021  00000+0  00000+0 0  9997
2 41747   0.0096  49.7508 0001604 315.5822 238.1348  1.00270488 16275
INTELSAT 33E (IS-33E)   
1 41748U 16053B   21030.54129944  .00000052  00000+0  00000+0 0  9998
2 41748   0.0180  53.1680 0001897 256.4521  75.2044  1.00271293 16552
INTELSAT 32E (IS-32E)   
1 41945U 17007B   21030.44891650 -.00000266  00000+0  00000+0 0  9994
2 41945   0.0170  70.6643 0000586 158.1086  19.5438  1.00270586 14540
INTELSAT 35E (IS-35E)   
1 42818U 17041A   21030.45057399 -.00000235  00000+0  00000+0 0  9993
2 42818   0.0351 203.2703 0001925 108.4558 305.8690  1.00272663 13180
INTELSAT 37E (IS-37E)   
1 42950U 17059A   21030.41438264 -.00000138  00000+0  00000+0 0  9991
2 42950   0.0138 101.0063 0002725 208.9280 311.0905  1.00272586 12362
AZERSPACE 2 (IS-38)     
1 43632U 18074A   21030.46653818  .00000139  00000+0  00000+0 0  9996
2 43632   0.0166  78.1339 0001586 233.3058  31.5218  1.00270688  8794
HORIZONS 3E             
1 43633U 18074B   21030.46104557 -.00000028  00000+0  00000+0 0  9996
2 43633   0.0023  11.7758 0000239 313.6440 139.4307  1.00271476  8632
AT&T T-16               
1 44333U 19034A   21030.61814197 -.00000112  00000+0  00000+0 0  9990
2 44333   0.0367 270.4482 0001460 285.8276  55.4500  1.00271936  5958
INTELSAT 39 (IS-39)     
1 44476U 19049B   21030.54164839  .00000036  00000+0  00000+0 0  9991
2 44476   0.0216  91.0450 0001156  56.7302 239.1512  1.00269525  5469
GALAXY 30               
1 46114U 20056C   21030.60162873  .00000040  00000+0  00000+0 0  9990
2 46114   0.0201 313.1533 0001394  28.8663 239.6060  1.00268503  1743
