MTI                     
1 26102U 00014A   21030.63025880  .00009027  00000+0  11934-3 0  9992
2 26102  97.4783 290.0812 0008508 103.0562 257.1642 15.58551942159862
CFESAT                  
1 30777U 07006F   21030.43942700  .00003617  00000+0  94270-4 0  9994
2 30777  35.4253 303.2488 0003127  92.0493 268.0592 15.38456100771411
SPIRALE A               
1 33751U 09008C   21030.34171877  .00000043  00000+0  24861-3 0  9990
2 33751   2.0641   3.8904 5376106  30.5093 352.0181  4.58773393171701
SPIRALE B               
1 33752U 09008D   21030.37332042  .00001431  00000+0  46928-3 0  9997
2 33752   2.1525  25.5381 6902430 333.9686   3.4035  2.76413098111023
SAPPHIRE                
1 39088U 13009C   21030.49773626  .00000003  00000+0  16411-4 0  9990
2 39088  98.4531 233.0991 0010922 336.9787  23.0908 14.34231831415028
