COSMOS 2361 [-]         
1 25590U 98076A   21030.60425472  .00000033  00000+0  18691-4 0  9991
2 25590  82.9323 217.8295 0031889 164.1427 261.3518 13.72990035107236
COSMOS 2378 [-]         
1 26818U 01023A   21030.48139882  .00000041  00000+0  27213-4 0  9993
2 26818  82.9259 236.8721 0034067 113.8901 246.5828 13.73950732985247
COSMOS 2389 [-]         
1 27436U 02026A   21030.51864358  .00000011  00000+0 -42143-5 0  9999
2 27436  82.9516 182.1083 0045825 340.3823  85.8074 13.74952539937262
COSMOS 2398 [-]         
1 27818U 03023A   21030.43465805  .00000000  00000+0 -16107-4 0  9994
2 27818  82.9506 142.1571 0031687  11.1079 349.0754 13.72185687884407
COSMOS 2407 [+]         
1 28380U 04028A   21030.27962726  .00000036  00000+0  21608-4 0  9991
2 28380  82.9607  88.9273 0038977 346.5917  13.4204 13.76086329829964
COSMOS 2414 [+]         
1 28521U 05002A   21030.59922249  .00000044  00000+0  23400-4 0  9993
2 28521  82.9497  88.3958 0040560 165.1428 195.0946 13.87628736811816
COSMOS 2429 [-]         
1 32052U 07038A   21030.59750081  .00000014  00000+0 -11577-5 0  9992
2 32052  82.9790 212.7814 0037608 319.5204  40.3155 13.74934909671801
COSMOS 2454 [-]         
1 35635U 09039A   21030.58893782  .00000031  00000+0  11860-4 0  9992
2 35635  82.9555  75.6843 0020597 114.5904 245.7413 13.89658323584852
COSMOS 2463 [+]         
1 36519U 10017A   21030.60987361  .00000178  00000+0  18052-3 0  9993
2 36519  82.9583 252.1354 0036156 175.6667 184.4808 13.71452445538861
