SCD 1                   
1 22490U 93009B   21030.53284818  .00000228  00000+0  12452-4 0  9992
2 22490  24.9708  73.6660 0042684 265.8072 248.5489 14.44597140476827
TECHSAT 1B (GO-32)      
1 25397U 98043D   21030.58889770 -.00000014  00000+0  13443-4 0  9992
2 25397  98.7561 336.6387 0002260 106.6027 253.5400 14.23700185171876
SCD 2                   
1 25504U 98060A   21030.44820516  .00000230  00000+0  13979-4 0  9992
2 25504  24.9958 285.6845 0017016 280.0470 242.7116 14.44113365176132
LANDSAT 7               
1 25682U 99020A   21030.49286292  .00000041  00000+0  18726-4 0  9993
2 25682  98.0531  92.1074 0001104 105.1488 254.9836 14.57189625159300
DLR-TUBSAT              
1 25757U 99029B   21030.51639159  .00000004  00000+0  12478-4 0  9999
2 25757  98.4433 324.7258 0013777 210.8100 149.2288 14.51434722148322
TERRA                   
1 25994U 99068A   21030.55596647  .00000070  00000+0  25561-4 0  9993
2 25994  98.1911 107.4170 0001362  97.0391  14.1252 14.57123418123266
MAROC-TUBSAT            
1 27004U 01056D   21030.61931275 -.00000043  00000+0  13959-5 0  9994
2 27004  99.5463 168.0088 0020323 147.3678 225.5264 13.70144287957282
AQUA                    
1 27424U 02022A   21030.58834323  .00000096  00000+0  31483-4 0  9994
2 27424  98.2163 333.9046 0001936  42.2820 134.4498 14.57105502996945
IRS-P6 (RESOURCESAT-1)  
1 28051U 03046A   21030.51554275  .00000001  00000+0  15138-4 0  9991
2 28051  98.4623 108.6718 0059319  73.3805 287.3886 14.34167578898939
SHIYAN 1 (SY-1)         
1 28220U 04012A   21030.47960363  .00001141  00000+0  96027-4 0  9999
2 28220  97.8775   7.8735 0014231 223.7912 136.2183 15.00244714914631
FORMOSAT-2 (ROCSAT 2)   
1 28254U 04018A   21030.61816917 -.00000203  00000+0 -10828-3 0  9997
2 28254  98.6987  59.5140 0002752  92.8085  17.0049 14.00723168853843
AURA                    
1 28376U 04026A   21030.56023106  .00000098  00000+0  31822-4 0  9993
2 28376  98.2170 336.0388 0001094  75.1236 285.0083 14.57113022879998
IRS-P5 (CARTOSAT-1)     
1 28649U 05017A   21030.43972641  .00000112  00000+0  19774-4 0  9999
2 28649  97.7866 100.1638 0002711  78.0000 282.1518 14.83753557852144
SINAH 1                 
1 28893U 05043D   21030.63050748  .00000014  00000+0  12148-4 0  9995
2 28893  98.0488 160.6434 0014202 313.1937  46.8077 14.61556077813500
EROS B                  
1 29079U 06014A   21030.48487214  .00003051  00000+0  13379-3 0  9996
2 29079  97.3897 152.8890 0006483 237.9089 186.3663 15.22716209819796
RESURS-DK 1             
1 29228U 06021A   21030.55508635  .00000138  00000+0  17632-4 0  9999
2 29228  69.9370 329.8258 0002138 151.5054 208.6224 15.02636015806839
ARIRANG-2 (KOMPSAT-2)   
1 29268U 06031A   21030.63396757  .00000148  00000+0  38320-4 0  9991
2 29268  97.9611 275.0185 0017729 153.2254 206.9892 14.62333306774418
LAPAN-TUBSAT            
1 29709U 07001A   21030.52836718  .00000034  00000+0  10888-4 0  9996
2 29709  97.8939 352.6088 0014377  92.2650 268.0193 14.82259910760005
CARTOSAT-2 (IRS-P7)     
1 29710U 07001B   21030.30061615  .00001503  00000+0  50352-4 0  9992
2 29710  97.8879 106.3684 0171783   5.7978 354.5190 15.19845107759650
HAIYANG-1B              
1 31113U 07010A   21030.35422097 -.00000014  00000+0  10606-4 0  9997
2 31113  98.3762  70.8120 0012703 260.7310  99.2436 14.30259927720358
COSMO-SKYMED 1          
1 31598U 07023A   21030.58319700 -.00000221  00000+0 -21252-4 0  9999
2 31598  97.8827 216.4411 0001338  91.9330 268.2037 14.82157347738477
TERRASAR-X              
1 31698U 07026A   21030.48989272 -.00000427  00000+0 -17160-4 0  9990
2 31698  97.4448  40.2590 0001894  77.3279  81.4984 15.19148921755767
WORLDVIEW-1 (WV-1)      
1 32060U 07041A   21030.60667008  .00001052  00000+0  45499-4 0  9994
2 32060  97.3679 152.6632 0001119 117.6050 242.5301 15.24617537743788
YAOGAN 3                
1 32289U 07055A   21030.57843940  .00000021  00000+0  94826-5 0  9993
2 32289  97.9819  50.5582 0001437  84.3662 275.7699 14.81062874714602
COSMO-SKYMED 2          
1 32376U 07059A   21030.54944139  .00001404  00000+0  18289-3 0  9996
2 32376  97.8830 216.4097 0001545  89.8132 270.3228 14.82162040711217
RADARSAT-2              
1 32382U 07061A   21030.60732935  .00000004  00000+0  18609-4 0  9994
2 32382  98.5759  39.8588 0001176  98.7425   9.5301 14.29983998685430
CARTOSAT-2A             
1 32783U 08021A   21030.56847541  .00000000  00000+0  69977-5 0  9992
2 32783  97.8935  92.6276 0012368   1.4919 358.6334 14.78706775688705
HUANJING 1A (HJ-1A)     
1 33320U 08041A   21030.54201216  .00000178  00000+0  32125-4 0  9993
2 33320  97.7573  80.2598 0024713  48.5969 311.7361 14.77111645668123
HUANJING 1B (HJ-1B)     
1 33321U 08041B   21030.57734966  .00000198  00000+0  34653-4 0  9990
2 33321  97.7656  82.8873 0036330  83.2463 277.2887 14.77320325668130
GEOEYE 1                
1 33331U 08042A   21030.53324381  .00000096  00000+0  27136-4 0  9999
2 33331  98.1138 107.5027 0009899  65.7847 294.4401 14.64314629662760
THEOS                   
1 33396U 08049A   21030.56881784  .00000169  00000+0  10000-3 0  9997
2 33396  98.7096 100.4564 0000741 100.0296  29.7035 14.20029135639297
COSMO-SKYMED 3          
1 33412U 08054A   21030.53257607  .00000041  00000+0  11722-4 0  9992
2 33412  97.8827 216.3918 0001548 100.1374 260.0024 14.82151947663674
YAOGAN 4                
1 33446U 08061A   21030.42144339  .00000068  00000+0  16616-4 0  9998
2 33446  97.7589 342.8271 0015458 328.7435  31.2855 14.77080535655335
GOSAT (IBUKI)           
1 33492U 09002A   21030.57116503  .00000095  00000+0  25216-4 0  9999
2 33492  98.0760 144.1897 0001611  93.3697 266.7692 14.67545206643464
YAOGAN 6                
1 34839U 09021A   21030.58047524  .00000730  00000+0  29685-4 0  9993
2 34839  97.0425  32.1349 0025950 293.1513  66.6993 15.27259171654445
DEIMOS-1                
1 35681U 09041A   21030.62314267  .00000077  00000+0  19748-4 0  9990
2 35681  97.7782 260.6652 0002640  67.6960 292.4533 14.71870526617809
DUBAISAT-1              
1 35682U 09041B   21030.46608704  .00000139  00000+0  31549-4 0  9997
2 35682  97.7415 203.1478 0010253 237.6258 122.3956 14.68850519616444
OCEANSAT-2              
1 35931U 09051A   21030.54990206  .00000096  00000+0  35591-4 0  9998
2 35931  98.2954 128.5570 0002837  85.0000 275.1521 14.50863146601357
WORLDVIEW-2 (WV-2)      
1 35946U 09055A   21030.57371465  .00000031  00000+0  25007-4 0  9991
2 35946  98.5011 106.8109 0002272  73.5428 286.6012 14.37708816593658
SMOS                    
1 36036U 09059A   21030.50344980  .00000065  00000+0  34592-4 0  9997
2 36036  98.4409 220.2638 0001145  90.8230 269.3089 14.39774756590891
YAOGAN 7                
1 36110U 09069A   21030.56615064  .00000123  00000+0  25986-4 0  9993
2 36110  98.2467 236.9682 0023759 206.3432 153.6577 14.75454844599992
TANDEM-X                
1 36605U 10030A   21030.34989091 -.00000416  00000+0 -16596-4 0  9996
2 36605  97.4451  40.1240 0001894  73.9489  39.6857 15.19148305588483
CARTOSAT-2B             
1 36795U 10035A   21030.53712934  .00002022  00000+0  28216-3 0  9996
2 36795  97.8915  92.0397 0015457  71.8402 288.4525 14.78696529569747
YAOGAN 10               
1 36834U 10038A   21030.56694728  .00000064  00000+0  15066-4 0  9990
2 36834  97.9797  38.6848 0001420  78.0541 282.0829 14.81019533566343
COSMO-SKYMED 4          
1 37216U 10060A   21030.49460118  .00000049  00000+0  12683-4 0  9991
2 37216  97.8832 216.3535 0001380  78.7662 281.3714 14.82155880553754
RESOURCESAT-2           
1 37387U 11015A   21030.54318407 -.00000409  00000+0 -16654-3 0  9993
2 37387  98.6573 107.3850 0005252  88.7211 271.4579 14.21652100507709
HAIYANG-2A              
1 37781U 11043A   21030.53349831 -.00000031  00000+0  12616-4 0  9991
2 37781  99.3170  40.1809 0001594  97.8193 262.3140 13.78726069476087
RASAT                   
1 37791U 11044D   21030.50359344  .00000026  00000+0  13997-4 0  9996
2 37791  98.1062 126.1359 0020561 275.4597  84.4264 14.64808753505481
MEGHA-TROPIQUES         
1 37838U 11058A   21030.36592129  .00000322  00000+0  32937-4 0  9991
2 37838  19.9785  82.7486 0008971 169.1518 190.9080 14.09665512412790
SRMSAT                  
1 37841U 11058D   21030.41370339  .00000288  00000+0  12984-4 0  9999
2 37841  19.9733  55.3863 0011702 216.5716 171.7363 14.10683741480203
YAOGAN 13               
1 37941U 11072A   21030.53879963  .00001043  00000+0  53653-4 0  9994
2 37941  97.5776 332.2044 0002319  34.2246  76.0721 15.18687535508433
PLEIADES 1A             
1 38012U 11076F   21030.53053885 -.00000012  00000+0  71081-5 0  9997
2 38012  98.1781 107.7232 0001693  97.2423 262.8980 14.58566646485764
ZIYUAN 1-02C (ZY 1-02C) 
1 38038U 11079A   21030.53368351  .00000059  00000+0  36422-4 0  9994
2 38038  98.6595  90.5117 0006313 322.7888  37.2861 14.35296550477342
ZIYUAN 3-1 (ZY 3-1)     
1 38046U 12001A   21030.53306757  .00001205  00000+0  56915-4 0  9994
2 38046  97.3964 107.1177 0004705 102.5145  11.4177 15.21320048503149
ARIRANG-3 (KOMPSAT-3)   
1 38338U 12025B   21030.52407268  .00000038  00000+0  17079-4 0  9993
2 38338  98.1743 331.9403 0011776 141.9363 218.2657 14.61646257464503
KANOPUS-V 1             
1 38707U 12039A   21030.51728451  .00000717  00000+0  36961-4 0  9992
2 38707  97.4643 312.6440 0001809  79.7766   7.0212 15.19517491472985
EXACTVIEW-1 (ADS-1B)    
1 38709U 12039C   21030.55903473 -.00000002  00000+0  19809-4 0  9997
2 38709  99.0813  77.6120 0011852  65.1072 295.1336 14.24038194443163
SPOT 6                  
1 38755U 12047A   21030.47721840 -.00000032  00000+0  30364-5 0  9997
2 38755  98.2203  99.8648 0001664  95.8150 264.3242 14.58544849446833
PLEIADES 1B             
1 39019U 12068A   21030.49653855 -.00000017  00000+0  60732-5 0  9991
2 39019  98.1768 107.7125 0001384  92.5964 267.5396 14.58562536434618
GOKTURK 2               
1 39030U 12073A   21030.57038822  .00000038  00000+0  13619-4 0  9993
2 39030  97.9234 279.0088 0002486 113.6822 246.4649 14.72790610435338
LANDSAT 8               
1 39084U 13008A   21030.62624150  .00000065  00000+0  24466-4 0  9994
2 39084  98.2008 103.2048 0001136  97.9770 262.1557 14.57114160411959
SARAL                   
1 39086U 13009A   21030.60646249 -.00000016  00000+0  10273-4 0  9996
2 39086  98.5418 218.7208 0000610  36.0555 324.0669 14.32043238414517
GAOFEN 1                
1 39150U 13018A   21030.54289038  .00000084  00000+0  19140-4 0  9996
2 39150  97.8478 107.3336 0020549 103.9167 256.4336 14.76562989418529
VNREDSAT 1              
1 39160U 13021B   21030.52608988  .00000077  00000+0  24123-4 0  9997
2 39160  98.1280 109.9774 0001540 100.2214 259.9171 14.62947205413086
ARIRANG-5 (KOMPSAT-5)   
1 39227U 13042A   21030.58282898 -.00000238  00000+0 -12700-4 0  9997
2 39227  97.6230 217.6987 0001745  85.9504 344.6662 15.04510145408672
YAOGAN 18               
1 39363U 13059A   21030.63644431  .00080028  44331-5  26461-3 0  9999
2 39363  97.2178  97.6102 0013721  61.0574  94.6724 15.90333212403606
SKYSAT-1                
1 39418U 13066C   21030.56859906  .00001028  00000+0  89036-4 0  9995
2 39418  97.6058 110.9042 0022947 149.5210 210.7353 14.99087169393308
DUBAISAT-2              
1 39419U 13066D   21030.54293699 -.00000007  00000+0  43935-5 0  9991
2 39419  97.5127  81.2573 0014326 160.0514 200.1279 14.94235778392081
GPM-CORE                
1 39574U 14009C   21030.58560576  .00003384  00000+0  52778-4 0  9990
2 39574  65.0057  99.0796 0011220 289.4085  70.5849 15.55861112393378
SENTINEL-1A             
1 39634U 14016A   21030.55039959 -.00000008  00000+0  80504-5 0  9998
2 39634  98.1815  40.2836 0001331  85.8183 274.3169 14.59199269363686
KAZEOSAT 1              
1 39731U 14024A   21030.48301256 -.00003883  00000+0 -11723-2 0  9998
2 39731  98.4019 103.6264 0001044  76.0180 284.1135 14.41959715355608
ALOS-2                  
1 39766U 14029A   21030.55464627  .00000582  00000+0  84812-4 0  9993
2 39766  97.9208 129.9062 0001743 104.6716 255.4695 14.79476735361275
KAZEOSAT 2              
1 40010U 14033A   21030.59947998  .00000055  00000+0  13428-4 0  9993
2 40010  97.7845 286.5165 0014481 284.2499  75.7109 14.82091615357962
HODOYOSHI-4             
1 40011U 14033B   21030.57775887  .00000159  00000+0  26899-4 0  9999
2 40011  97.7486 277.5624 0025326 281.9345  77.9048 14.81268172357642
DEIMOS-2                
1 40013U 14033D   21030.55082590  .00000168  00000+0  26019-4 0  9995
2 40013  97.8030 294.4354 0001459  39.2881 320.8437 14.84762822358566
HODOYOSHI-3             
1 40015U 14033F   21030.63592963  .00000075  00000+0  17078-4 0  9998
2 40015  97.7070 262.8881 0035792 301.9884  57.7851 14.78642015357002
SPOT 7                  
1 40053U 14034A   21030.51128617 -.00000019  00000+0  57096-5 0  9993
2 40053  98.1558  99.7517 0001426  82.2354 277.9011 14.58570785350774
SKYSAT-2                
1 40072U 14037D   21030.59748692  .00000109  00000+0  21446-4 0  9994
2 40072  98.4587 227.4725 0007405 122.3010 237.8919 14.81368161354796
WORLDVIEW-3 (WV-3)      
1 40115U 14048A   21030.54651942  .00000171  00000+0  26224-4 0  9998
2 40115  97.8580 107.4799 0000868  58.1620 301.9678 14.85189363350506
GAOFEN 2                
1 40118U 14049A   21030.52285636  .00000135  00000+0  24170-4 0  9991
2 40118  97.8195 108.3890 0008501 142.2187 217.9629 14.80650619348677
YAOGAN 21               
1 40143U 14053A   21030.52407612  .00001358  00000+0  59595-4 0  9991
2 40143  97.4138 100.9560 0016212 186.5099 286.5190 15.23562733355974
YAOGAN 22               
1 40275U 14063A   21030.45429051 -.00000027  00000+0  47166-4 0  9995
2 40275 100.5140 148.4632 0005686 308.2685  51.7916 13.15426290301619
ASNARO                  
1 40298U 14070A   21030.54267697  .00001760  00000+0  85881-4 0  9994
2 40298  97.4031 114.5609 0001532 105.5374  19.3709 15.19578151345825
HODOYOSHI-1             
1 40299U 14070B   21030.54192734  .00001193  00000+0  51327-4 0  9992
2 40299  97.3023 107.7805 0014449 111.2855   1.8285 15.24447546346406
QSAT-EOS                
1 40301U 14070D   21030.53261824  .00003330  00000+0  12355-3 0  9994
2 40301  97.2711 105.6221 0026183 102.6792  10.7975 15.27964977346594
YAOGAN 23               
1 40305U 14071A   21030.56632269  .00001233  00000+0  62951-4 0  9995
2 40305  97.5491 335.2508 0002467  81.0496   4.8332 15.18602341344194
YAOGAN 24               
1 40310U 14072A   21030.58799987  .00000095  00000+0  20927-4 0  9997
2 40310  97.9204 153.9941 0020863  97.2720 263.0871 14.76286822334046
CBERS 4                 
1 40336U 14079A   21030.49065105 -.00000003  00000+0  14250-4 0  9992
2 40336  98.5382 106.1337 0001732 112.3874 247.7498 14.35424475322257
RESURS P2               
1 40360U 14087A   21030.49934522  .00001265  00000+0  40785-4 0  9998
2 40360  97.2357 120.8343 0011084  92.5138  31.3888 15.33962648341119
YAOGAN 26               
1 40362U 14088A   21030.46466007  .00001514  00000+0  65891-4 0  9998
2 40362  97.2210  96.3791 0011789  58.1665  67.4175 15.23646452339430
SMAP                    
1 40376U 15003A   21030.60096127  .00000034  00000+0  15598-4 0  9994
2 40376  98.1245  39.7836 0001596  70.0109 290.1265 14.63389576320445
KOMPSAT-3A              
1 40536U 15014A   21030.51715404  .00000941  00000+0  58144-4 0  9991
2 40536  97.5669 333.5666 0003274  81.8182  44.2178 15.12270092323034
SENTINEL-2A             
1 40697U 15028A   21030.60611747  .00000009  00000+0  19997-4 0  9997
2 40697  98.5648 107.5590 0001304  97.5568 262.5770 14.30819203292949
GAOFEN 8                
1 40701U 15030A   21030.53106149  .00001849  00000+0  80294-4 0  9994
2 40701  97.4953 158.4812 0010695  72.6244  57.6073 15.23555860311818
CARBONITE 1 (CBNT-1)    
1 40718U 15032D   21030.53535473  .00000191  00000+0  35662-4 0  9998
2 40718  97.8083 269.7924 0016130 194.9272 165.1465 14.74905233299287
YAOGAN 27               
1 40878U 15040A   21030.47241260 -.00000021  00000+0  58662-4 0  9993
2 40878 100.2009  77.0107 0008961  65.1666 295.0381 13.15967840260872
GAOFEN 9-01             
1 40894U 15047A   21030.55671661  .00000053  00000+0  14935-4 0  9998
2 40894  97.8708 110.3297 0034042  37.4491 322.9084 14.76300207289984
LAPAN-A2                
1 40931U 15052B   21028.87000561  .00000726  00000+0  11916-4 0  9996
2 40931   5.9997 167.8256 0013566 231.2075 128.6864 14.76660645288631
YAOGAN 28               
1 41026U 15064A   21030.52669387  .00001352  00000+0  59679-4 0  9991
2 41026  97.4810 167.2836 0002517  44.6376  17.7361 15.23483895291669
YAOGAN 29               
1 41038U 15069A   21030.53247776  .00000043  00000+0  12498-4 0  9998
2 41038  98.0288  24.3628 0000804 117.1520 242.9768 14.80483741279878
KENT RIDGE 1            
1 41167U 15077B   21029.90178238  .00001015  00000+0  21682-4 0  9990
2 41167  14.9797 275.9765 0011552 257.5525 195.1288 15.09269474283042
TELEOS 1                
1 41169U 15077D   21030.27599339  .00001523  00000+0  49887-4 0  9994
2 41169  14.9789 254.1093 0010214 294.3118  65.6150 15.10847771283277
GAOFEN 4                
1 41194U 15083A   21030.58243999 -.00000332  00000+0  00000+0 0  9998
2 41194   0.1447  93.4544 0000444  96.2875 255.5855  1.00269487 18804
JASON-3                 
1 41240U 16002A   21030.63159341 -.00000044  00000+0  75927-4 0  9990
2 41240  66.0389 253.2834 0007227 272.6486  87.3702 12.80931493235585
SENTINEL-3A             
1 41335U 16011A   21030.58002524  .00000016  00000+0  24537-4 0  9998
2 41335  98.6279 100.0734 0000888 112.3788 247.7487 14.26736971258064
SENTINEL-1B             
1 41456U 16025A   21030.51562957 -.00000024  00000+0  45251-5 0  9998
2 41456  98.1813  40.0747 0001333  87.0603 273.0753 14.59199194253849
ZIYUAN 3-2 (ZY 3-2)     
1 41556U 16033A   21030.50188940  .00001158  00000+0  54710-4 0  9990
2 41556  97.3421 106.3443 0001684   4.5127 120.3317 15.21351172259436
NUSAT-1 (FRESCO)        
1 41557U 16033B   21030.52379745  .00002520  00000+0  92473-4 0  9990
2 41557  97.3970 125.3116 0013278  11.6076 104.9475 15.28828352260451
NUSAT-2 (BATATA)        
1 41558U 16033C   21030.51743293  .00002830  00000+0  97200-4 0  9990
2 41558  97.4052 128.5097 0012138   7.4096 113.7323 15.30900326260619
CARTOSAT-2C             
1 41599U 16040A   21030.54767964  .00000818  00000+0  41941-4 0  9992
2 41599  97.4206  92.5218 0015124 134.4504   1.8450 15.19262852255572
SKYSAT-C1               
1 41601U 16040C   21030.45502548  .00001578  00000+0  43470-4 0  9994
2 41601  97.2051 110.4455 0004978  72.5623 287.6167 15.38608420256604
LAPAN-A3                
1 41603U 16040E   21030.47952257  .00000253  00000+0  14804-4 0  9992
2 41603  97.2783  82.4889 0014701 122.3586 346.1481 15.19952643255623
BIROS                   
1 41604U 16040F   21030.24547821  .00000646  00000+0  30882-4 0  9995
2 41604  97.2843  87.1479 0013862 105.7586 254.5180 15.22345081255871
GAOFEN 3                
1 41727U 16049A   21030.54691500 -.00000267  00000+0 -67835-4 0  9996
2 41727  98.4115  40.9789 0001569  63.4697 296.6665 14.42210887235607
SKYSAT-C4               
1 41771U 16058B   21030.28123897  .00001541  00000+0  42694-4 0  9995
2 41771  97.1843 102.0960 0001662 107.3083 252.8344 15.38468458243536
SKYSAT-C5               
1 41772U 16058C   21030.52563064  .00001076  00000+0  46909-4 0  9993
2 41772  97.3318 101.6390 0001719  97.5373  15.4343 15.24294307243125
SKYSAT-C2               
1 41773U 16058D   21030.45057734  .00001498  00000+0  41545-4 0  9997
2 41773  97.1848 102.5955 0001365  93.7549 266.3853 15.38481802243585
SKYSAT-C3               
1 41774U 16058E   21030.46395287  .00001499  00000+0  41591-4 0  9999
2 41774  97.1843 102.5661 0001456  96.0124 264.1287 15.38461040243579
ALSAT 1B                
1 41785U 16059C   21030.55773731  .00000023  00000+0  13507-4 0  9994
2 41785  97.9824  85.6756 0030268 319.3225  40.5729 14.63385542232114
PATHFINDER 1            
1 41787U 16059E   21030.40788208  .00000071  00000+0  22597-4 0  9997
2 41787  97.9873  86.8336 0029921 317.7423  42.1467 14.63781559232141
SCATSAT 1               
1 41790U 16059H   21030.56743808 -.00000183  00000+0 -35123-4 0  9990
2 41790  98.3888  73.0592 0004458 314.1230  45.9519 14.50802191230153
WORLDVIEW-4             
1 41848U 16067A   21030.64089495  .00017465  00000+0  14983-3 0  9996
2 41848  97.7974 163.5095 0002658  33.0270 327.1156 15.69467492231931
GOKTURK 1A              
1 41875U 16073A   21030.57496671  .00000041  00000+0  17228-4 0  9991
2 41875  98.1322 287.6661 0001450  68.2804 291.8556 14.62772124221766
RESOURCESAT-2A          
1 41877U 16074A   21030.57010254  .00000003  00000+0  21687-4 0  9995
2 41877  98.7726 105.4838 0001240  88.2443 271.8878 14.21600758215310
CARTOSAT-2D             
1 41948U 17008A   21030.49065700  .00000701  00000+0  36485-4 0  9996
2 41948  97.4629  92.6736 0005933 286.1820  73.8788 15.19245168219437
SENTINEL-2B             
1 42063U 17013A   21030.57114355  .00000004  00000+0  18115-4 0  9997
2 42063  98.5660 107.5265 0000995  99.2378 260.8921 14.30818364203852
ZHUHAI-1 02 (CAS-4B)    
1 42759U 17034B   21030.57898432  .00000395  00000+0  37227-4 0  9995
2 42759  43.0162 218.9787 0009841  12.0525  36.7911 15.10056455200308
NUSAT-3 (MILANESAT)     
1 42760U 17034C   21030.60386977  .00000619  00000+0  50042-4 0  9996
2 42760  43.0144 216.4563 0008641  31.7366  19.2213 15.10597406200344
ZHUHAI-1 01 (CAS-4A)    
1 42761U 17034D   21030.58792008  .00000422  00000+0  38827-4 0  9999
2 42761  43.0168 218.0775 0010309  13.9017  91.7645 15.10137466200309
CARTOSAT-2E             
1 42767U 17036C   21030.63365545  .00000524  00000+0  28003-4 0  9993
2 42767  97.3929  90.9840 0008703 338.0687  22.0174 15.19279806200028
FORMOSAT-5              
1 42920U 17049A   21030.54602884  .00000092  00000+0  34597-4 0  9993
2 42920  98.2820 112.2239 0010444   2.0010 358.1231 14.50849445181944
SENTINEL-5P             
1 42969U 17064A   21030.56492550 -.00000014  00000+0  14208-4 0  9994
2 42969  98.7253 332.3949 0001060  83.4015 276.7282 14.19549882170976
SKYSAT-C11              
1 42987U 17068A   21030.57510584  .00001895  00000+0  50973-4 0  9993
2 42987  97.2470 147.9304 0008406 319.3111  40.7506 15.39111692181006
SKYSAT-C10              
1 42988U 17068B   21030.56413960  .00001912  00000+0  51542-4 0  9996
2 42988  97.2511 147.8221 0003310  29.0700 331.0729 15.39057562181028
SKYSAT-C9               
1 42989U 17068C   21030.35540405  .00001959  00000+0  52683-4 0  9997
2 42989  97.2469 147.1104 0001916 130.1678 229.9736 15.39100291181180
SKYSAT-C8               
1 42990U 17068D   21030.28196861  .00001958  00000+0  52551-4 0  9997
2 42990  97.2511 147.9287 0001630  25.3066 334.8259 15.39163755181000
SKYSAT-C7               
1 42991U 17068E   21030.59487411  .00001968  00000+0  52813-4 0  9998
2 42991  97.2517 148.2534 0001599  87.1643 272.9786 15.39155961181059
SKYSAT-C6               
1 42992U 17068F   21030.58477860  .00001978  00000+0  53068-4 0  9999
2 42992  97.2533 148.4974 0001035 165.3497 194.7779 15.39152742181067
CARTOSAT-2F             
1 43111U 18004A   21030.48927877  .00000842  00000+0  43145-4 0  9995
2 43111  97.4338  90.8450 0004381   6.1187 107.8142 15.19259540169180
NUSAT-4 (ADA)           
1 43195U 18015D   21030.53879103  .00002175  00000+0  89091-4 0  9994
2 43195  97.4651 164.2017 0017689  24.4945 105.3480 15.25253540166495
NUSAT-5 (MARYAM)        
1 43204U 18015K   21030.54870168  .00002229  00000+0  90646-4 0  9996
2 43204  97.4654 164.5170 0017161  26.4954  36.0682 15.25481208166116
GAOFEN 1-02             
1 43259U 18031A   21030.54553033  .00000121  00000+0  24585-4 0  9991
2 43259  97.9466 111.5749 0004055 170.6409 189.4881 14.76510935152935
GAOFEN 1-03             
1 43260U 18031B   21030.59218627  .00000099  00000+0  21413-4 0  9996
2 43260  97.9463 111.6137 0003459 263.0261  97.0562 14.76515326152935
GAOFEN 1-04             
1 43262U 18031D   21030.43142623  .00000088  00000+0  19869-4 0  9993
2 43262  97.9468 111.4485 0003725 196.1058 164.0029 14.76510978152900
SENTINEL-3B             
1 43437U 18039A   21030.41232595  .00000010  00000+0  22129-4 0  9999
2 43437  98.6187  99.8549 0000751 112.6013 247.5247 14.26741381144101
GAOFEN 5                
1 43461U 18043A   21030.53923270  .00000026  00000+0  15714-4 0  9990
2 43461  98.2205 330.5975 0003116  67.5868 292.5658 14.57799569145389
GAOFEN 6                
1 43484U 18048A   21030.59408735  .00000068  00000+0  17024-4 0  9992
2 43484  97.9700 113.7322 0010141  34.4246 325.7623 14.76502010143637
GAOFEN 11-1             
1 43585U 18063A   21030.54144492  .00001307  00000+0  57341-4 0  9996
2 43585  97.3665 112.3353 0017199 136.6542 347.9494 15.23605563139813
AEOLUS                  
1 43600U 18066A   21030.38488588  .00030537  00000+0  12159-3 0  9990
2 43600  96.7187  39.3406 0006380 105.8134 254.3843 15.86569692141357
ICESAT-2                
1 43613U 18070A   21030.57381267  .00001692  00000+0  61289-4 0  9995
2 43613  92.0032 122.5882 0002690  97.5592 262.5962 15.28278747132578
HYSIS                   
1 43719U 18096A   21030.52304762  .00000119  00000+0  23256-4 0  9995
2 43719  97.8782  99.3311 0003245 247.5120 112.5755 14.78605597117230
KAZSTSAT                
1 43783U 18099AB  21030.15549054  .00000225  00000+0  26597-4 0  9992
2 43783  97.6935 103.0477 0009132 140.9307 219.2574 14.93616271117679
SAUDISAT 5A             
1 43831U 18102A   21030.55899328  .00000686  00000+0  48291-4 0  9993
2 43831  97.5506 108.9261 0016163 100.4874  10.6603 15.08203086118369
SAUDISAT 5B             
1 43833U 18102C   21029.73163606 -.00000058  00000+0  30442-6 0  9991
2 43833  97.5502 108.6379 0017082 109.2784 349.2623 15.08636186118265
GAOFEN 10R              
1 44622U 19066A   21030.57619512  .00000143  00000+0  25252-4 0  9999
2 44622  97.8433 334.4670 0001014  78.0159 282.1150 14.80616060 71590
CARTOSAT-3              
1 44804U 19081A   21030.50925075  .00000707  00000+0  36700-4 0  9991
2 44804  97.4674  95.1184 0013786 165.5607 306.7952 15.19275265 65277
GAOFEN 12               
1 44819U 19082A   21030.55103058  .00000032  00000+0  10940-4 0  9991
2 44819  97.8975  55.1322 0001387  67.1812 292.9548 14.80240239 63545
NUSAT-7 (SOPHIE)        
1 45017U 20003B   21030.50767953  .00002360  00000+0  84240-4 0  9992
2 45017  97.2847  98.4112 0013679   2.7570 111.5895 15.29774673 58259
NUSAT-8 (MARIE)         
1 45018U 20003C   21030.52000355  .00002181  00000+0  82161-4 0  9992
2 45018  97.2920  98.0852 0011760   7.2792 105.0083 15.28096227 58218
NUSAT-6 (HYPATIA)       
1 46272U 20061A   21030.60376470  .00001421  00000+0  65742-4 0  9994
2 46272  97.3848 106.9917 0008492  48.8332 311.3638 15.21735433 22706
NEMO-HD                 
1 46277U 20061F   21030.52277116  .00000627  00000+0  35830-4 0  9999
2 46277  97.4478 106.9931 0003098 107.2835  17.5443 15.16225438 22636
NUSAT-12 (DOROTHY)      
1 46827U 20079A   21030.56294440  .00001941  00000+0  67035-4 0  9994
2 46827  97.2569 106.9743 0008341 309.8041 157.3262 15.31111711 13066
NUSAT-9 (ALICE)         
1 46828U 20079B   21030.62175508  .00002663  00000+0  90643-4 0  9998
2 46828  97.2603 107.0860 0007103 310.7808 155.2754 15.31260572 13080
NUSAT-11 (CORA)         
1 46829U 20079C   21030.46469880  .00002851  00000+0  94050-4 0  9995
2 46829  97.2548 106.9130 0007757 314.3536  56.0911 15.32215934 13053
NUSAT-15 (KATHERINE)    
1 46830U 20079D   21030.55222664  .00001740  00000+0  57052-4 0  9991
2 46830  97.2611 107.1819 0003074 300.3560 171.0747 15.32962413 13071
NUSAT-14 (HEDY)         
1 46831U 20079E   21030.53947802  .00002754  00000+0  92608-4 0  9990
2 46831  97.2594 107.0341 0008206 322.2623 151.2794 15.31621834 13065
NUSAT-10 (CAROLINE)     
1 46832U 20079F   21030.55919979  .00002523  00000+0  86485-4 0  9997
2 46832  97.2584 106.9991 0008635 327.3541 147.3292 15.31072152 13067
NUSAT-13 (EMMY)         
1 46833U 20079G   21030.53461117  .00002622  00000+0  88096-4 0  9992
2 46833  97.2596 107.0434 0007533 325.3692 148.3762 15.31692738 13067
NUSAT-17 (MARY)         
1 46835U 20079J   21030.53409021  .00001470  00000+0  50776-4 0  9994
2 46835  97.2597 107.0416 0008436 339.7682 134.0694 15.31484616 13061
NUSAT-18 (VERA)         
1 46836U 20079K   21030.56876970  .00002175  00000+0  72333-4 0  9995
2 46836  97.2595 107.1462 0008122 345.4650 131.5701 15.32207830 13077
NUSAT-16 (LISE)         
1 46840U 20079P   21030.52278400  .00002454  00000+0  82927-4 0  9990
2 46840  97.2596 107.0611 0006397 343.2911 141.5521 15.31578486 13063
SENTINEL-6              
1 46984U 20086A   21030.31965382 -.00000061  00000+0  00000+0 0  9996
2 46984  66.0404 254.0608 0007736 265.0465  94.9675 12.80930489  8922
