SARSAT 7 (NOAA 15)      
1 25338U 98030A   21030.56258779  .00000022  00000+0  27558-4 0  9990
2 25338  98.6975  60.2151 0009743 326.9584  33.0986 14.26010857181342
METEOSAT-8 (MSG-1)      
1 27509U 02040B   21030.16438361  .00000139  00000+0  00000+0 0  9998
2 27509   7.1241  53.1230 0000927 318.9195 218.1386  1.00269125 67567
GPS BIIR-08             
1 27663U 03005A   21030.43929456  .00000004  00000+0  00000+0 0  9992
2 27663  55.8775 292.9984 0119741  36.2098 136.7222  2.00567455131920
GPS BIIR-11             
1 28190U 04009A   21030.23530505 -.00000061  00000+0  00000+0 0  9998
2 28190  56.2295 353.8500 0087678 101.9235  78.0643  2.00570683123557
GPS BIIR-12             
1 28361U 04023A   21030.34935442  .00000039  00000+0  00000+0 0  9999
2 28361  54.0877 166.2637 0139655 243.7637 196.3087  2.00564801121650
GPS BIIR-13             
1 28474U 04045A   21029.85530986 -.00000036  00000+0  00000+0 0  9994
2 28474  55.1136  43.7132 0205736 270.9545 270.5064  2.00571873119034
SARSAT 10 (NOAA 18)     
1 28654U 05018A   21030.60901795  .00000099  00000+0  77953-4 0  9994
2 28654  99.0140  94.8118 0013448 313.3449  46.6600 14.12577226808980
GPS BIIR-14M            
1 28874U 05038A   21029.70803637 -.00000061  00000+0  00000+0 0  9999
2 28874  56.3203 351.2758 0137971 269.2189 270.5414  2.00579742112436
METEOSAT-9 (MSG-2)      
1 28912U 05049B   21030.31468984  .00000020  00000+0  00000+0 0  9999
2 28912   4.9098  69.1444 0001486 269.4502 267.8234  1.00275502 55340
GOES 13                 
1 29155U 06018A   21030.12618797  .00000039  00000+0  00000+0 0  9994
2 29155   0.3956 103.4142 0005884 136.9847 356.1514  1.00274080 23670
SARSAT 11 (METOP-A)     
1 29499U 06044A   21030.59765200  .00000009  00000+0  23474-4 0  9999
2 29499  98.4928  75.2326 0000939  67.6129  85.7936 14.21496892740973
GPS BIIR-16M            
1 29601U 06052A   21029.51141161  .00000008  00000+0  00000+0 0  9991
2 29601  55.8703 291.9578 0080670  66.7381 294.1794  2.00576527104006
GPS BIIR-17M            
1 32260U 07047A   21030.32772507  .00000033  00000+0  00000+0 0  9994
2 32260  53.2146 161.3917 0128711  54.7173 306.4419  2.00576347 97468
GPS BIIR-18M            
1 32384U 07062A   21028.89544486 -.00000063  00000+0  00000+0 0  9994
2 32384  56.4232 352.0079 0012854 130.6236  47.7870  2.00561972 96090
SARSAT 12 (NOAA 19)     
1 33591U 09005A   21030.55948708  .00000004  00000+0  27428-4 0  9997
2 33591  99.1926  47.7821 0014354 155.9354 204.2490 14.12450544617192
GOES 14                 
1 35491U 09033A   21030.61617781 -.00000091  00000+0  00000+0 0  9999
2 35491   0.0761 225.3853 0011778   3.1975  19.0447  1.00271001 42435
GOES 15                 
1 36411U 10008A   21030.59965586  .00000053  00000+0  00000+0 0  9999
2 36411   0.4245  98.7039 0002605 309.9639 169.6287  1.00281649 39989
GLONASS-K 1             
1 37372U 11009A   21030.28325399 -.00000027  00000+0  00000+0 0  9998
2 37372  65.9167  20.1796 0010340 235.8970 254.2505  2.13107454 77245
GPS BIIF-2              
1 37753U 11036A   21028.93976076 -.00000028  00000+0  00000+0 0  9995
2 37753  56.3279  48.4118 0101410  45.9801 316.4389  2.00562102 69860
GSAT0101 (GALILEO-PFM)  
1 37846U 11060A   21029.96050097 -.00000039  00000+0  00000+0 0  9997
2 37846  56.7651  35.0672 0003986 319.3968  40.6060  1.70475197 57636
GSAT0102 (GALILEO-FM2)  
1 37847U 11060B   21030.47726821 -.00000040  00000+0  00000+0 0  9993
2 37847  56.7650  35.0524 0005766 305.8430  57.4960  1.70475364 57657
LUCH 5A                 
1 37951U 11074B   21030.63995767 -.00000045  00000+0  00000+0 0  9994
2 37951   3.7884 108.6883 0002496 242.9600 175.8797  1.00269479 33508
METEOSAT-10 (MSG-3)     
1 38552U 12035B   21030.31582390  .00000065  00000+0  00000+0 0  9990
2 38552   1.2308 357.5001 0000963  13.7635 241.3904  1.00269969 31169
SARSAT 13 (METOP-B)     
1 38771U 12049A   21030.64961950  .00000006  00000+0  22723-4 0  9993
2 38771  98.6998  92.6781 0002417  77.9261  74.9228 14.21496263434300
GPS BIIF-3              
1 38833U 12053A   21029.41705893  .00000082  00000+0  00000+0 0  9995
2 38833  53.5990 224.0293 0107262  40.6558 320.1677  2.00569558 60143
GSAT0103 (GALILEO-FM3)  
1 38857U 12055A   21030.00206779  .00000020  00000+0  00000+0 0  9991
2 38857  55.0185 155.5464 0002298 245.3988 114.5352  1.70473553 51672
GSAT0104 (GALILEO-FM4)  
1 38858U 12055B   21029.93649588  .00000020  00000+0  00000+0 0  9991
2 38858  55.0194 155.5479 0001047 237.6447 122.3027  1.70473469 51676
GPS BIIF-4              
1 39166U 13023A   21030.27896585 -.00000060  00000+0  00000+0 0  9995
2 39166  55.9703 347.8180 0088502  31.4379 329.0861  2.00563543 56487
INSAT-3D                
1 39216U 13038B   21030.59354858 -.00000153  00000+0  00000+0 0  9997
2 39216   0.0228 101.1943 0001077 225.7723  98.8395  1.00270302 27418
GPS BIIF-5              
1 39533U 14008A   21029.77939626  .00000080  00000+0  00000+0 0  9995
2 39533  53.7070 229.4716 0048761 199.2614 160.5893  2.00553738 50309
LUCH 5V                 
1 39727U 14023A   21030.58799439 -.00000266  00000+0  00000+0 0  9991
2 39727   0.4846  34.9798 0002444 353.2708  48.1380  1.00276002 24675
GPS BIIF-6              
1 39741U 14026A   21029.05962752 -.00000028  00000+0  00000+0 0  9996
2 39741  56.2990  47.9342 0024884 294.5684  65.2286  2.00561095 49123
GPS BIIF-7              
1 40105U 14045A   21030.14569737  .00000039  00000+0  00000+0 0  9992
2 40105  54.6120 166.8974 0017631 105.0548 255.1010  2.00574683 46719
GSAT0201 (GALILEO 5)    
1 40128U 14050A   21030.32115992 -.00000078  00000+0  00000+0 0  9997
2 40128  50.5229 352.3276 1651777 106.7645 271.9702  1.85519111 41882
GSAT0202 (GALILEO 6)    
1 40129U 14050B   21028.96705307 -.00000080  00000+0  00000+0 0  9993
2 40129  50.5564 351.4262 1649308 107.5330 271.1312  1.85519808 44028
GPS BIIF-8              
1 40294U 14068A   21030.52099671  .00000002  00000+0  00000+0 0  9993
2 40294  55.4683 107.8587 0030805  46.3827 313.9309  2.00564686 45806
GLONASS-K 2             
1 40315U 14075A   21030.31942355  .00000073  00000+0  00000+0 0  9996
2 40315  63.8117 258.8261 0015584 209.4261  50.1960  2.13101392 48005
GPS BIIF-9              
1 40534U 15013A   21028.16340874  .00000018  00000+0  00000+0 0  9999
2 40534  54.0551 285.6024 0056063  12.5866 347.6284  2.00554928 42390
GSAT0203 (GALILEO 7)    
1 40544U 15017A   21030.32827155 -.00000040  00000+0  00000+0 0  9993
2 40544  56.5591  35.1594 0005474 265.4577  94.5110  1.70474777 35724
GSAT0204 (GALILEO 8)    
1 40545U 15017B   21028.93602785 -.00000039  00000+0  00000+0 0  9996
2 40545  56.5646  35.2145 0003251 248.5888 111.4135  1.70475094 36367
GPS BIIF-10             
1 40730U 15033A   21030.32403863 -.00000061  00000+0  00000+0 0  9997
2 40730  55.4814 346.8834 0061738 356.2460   3.7074  2.00550677 40603
METEOSAT-11 (MSG-4)     
1 40732U 15034A   21030.31399194  .00000000  00000+0  00000+0 0  9992
2 40732   0.3045 258.0830 0001113 358.3808 346.5597  1.00263643 20340
GSAT0205 (GALILEO 9)    
1 40889U 15045A   21029.17808023  .00000039  00000+0  00000+0 0  9997
2 40889  55.9767 275.8826 0005941  15.7929 344.3188  1.70474697 33518
GSAT0206 (GALILEO 10)   
1 40890U 15045B   21029.98416907  .00000038  00000+0  00000+0 0  9993
2 40890  55.9763 275.8566 0004161   9.9127 350.1874  1.70474861 33559
GPS BIIF-11             
1 41019U 15062A   21029.36902546 -.00000002  00000+0  00000+0 0  9999
2 41019  55.4618 107.7361 0065478 212.4389 147.2104  2.00563949 38424
ELEKTRO-L 2             
1 41105U 15074A   21030.31111315 -.00000113  00000+0  00000+0 0  9994
2 41105   1.7447  94.2913 0001932 157.0888 335.9375  1.00272058 18825
GSAT0209 (GALILEO 12)   
1 41174U 15079A   21029.57109621  .00000019  00000+0  00000+0 0  9992
2 41174  55.0338 155.2580 0002938 321.5760  38.3589  1.70473600 31867
GSAT0208 (GALILEO 11)   
1 41175U 15079B   21030.37739846  .00000021  00000+0  00000+0 0  9994
2 41175  55.0320 155.2346 0002165 325.6452  34.3012  1.70473597 31888
GPS BIIF-12             
1 41328U 16007A   21030.45811403  .00000042  00000+0  00000+0 0  9998
2 41328  54.8425 167.4300 0046597 221.9772 137.6273  2.00568096 36509
GSAT0211 (GALILEO 14)   
1 41549U 16030A   21029.32573097  .00000040  00000+0  00000+0 0  9995
2 41549  56.1201 275.7549 0004532 342.8456  17.2324  1.70474482 29170
GSAT0210 (GALILEO 13)   
1 41550U 16030B   21029.03201545  .00000040  00000+0  00000+0 0  9991
2 41550  56.1197 275.7645 0003032 322.3460  37.7262  1.70474556 29164
INSAT-3DR               
1 41752U 16054A   21030.55327185 -.00000074  00000+0  00000+0 0  9997
2 41752   0.1138  97.7512 0012835 176.2694 129.1495  1.00269866 16117
GSAT0207 (GALILEO 15)   
1 41859U 16069A   21030.45041481  .00000021  00000+0  00000+0 0  9993
2 41859  54.6913 155.5396 0002690 300.1509  59.7827  1.70473561 26084
GSAT0212 (GALILEO 16)   
1 41860U 16069B   21029.71726864  .00000019  00000+0  00000+0 0  9994
2 41860  54.6898 155.5586 0002036 344.3701  15.5797  1.70473542 26161
GSAT0213 (GALILEO 17)   
1 41861U 16069C   21028.90979198  .00000018  00000+0  00000+0 0  9994
2 41861  54.6916 155.5854 0002159 260.3448  99.5832  1.70473612 26151
GSAT0214 (GALILEO 18)   
1 41862U 16069D   21030.23003233  .00000020  00000+0  00000+0 0  9995
2 41862  54.6895 155.5438 0001362 266.5473  93.3961  1.70473690 26169
GOES 16                 
1 41866U 16071A   21030.44255002 -.00000245  00000+0  00000+0 0  9998
2 41866   0.0114 262.0630 0001710  73.5626 238.3489  1.00270170 15427
GSAT-17                 
1 42815U 17040B   21030.58799439 -.00000255  00000+0  00000+0 0  9993
2 42815   0.0536 268.3934 0005844   5.0851 161.6993  1.00272119 13092
GSAT0215 (GALILEO 19)   
1 43055U 17079A   21030.13409485  .00000038  00000+0  00000+0 0  9990
2 43055  56.0942 275.5727 0002371 327.8355  32.2417  1.70473719 19509
GSAT0216 (GALILEO 20)   
1 43056U 17079B   21028.08034847  .00000039  00000+0  00000+0 0  9999
2 43056  56.0960 275.6289 0003838 305.4486  54.6083  1.70473888 19458
GSAT0217 (GALILEO 21)   
1 43057U 17079C   21030.06020723  .00000039  00000+0  00000+0 0  9999
2 43057  56.0923 275.5748 0003943 320.4207  39.6425  1.70473765 19505
GSAT0218 (GALILEO 22)   
1 43058U 17079D   21029.10703535  .00000040  00000+0  00000+0 0  9994
2 43058  56.0923 275.5983 0004056 298.4387  61.6140  1.70473847 19517
GOES 17                 
1 43226U 18022A   21030.62569750  .00000101  00000+0  00000+0 0  9996
2 43226   0.0549 255.1831 0000653  82.1129 240.7584  1.00269867 10728
GSAT0221 (GALILEO 25)   
1 43564U 18060A   21029.00547624 -.00000038  00000+0  00000+0 0  9999
2 43564  56.9449  34.8818 0006255 277.3248  82.6400  1.70475890 15663
GSAT0222 (GALILEO 26)   
1 43565U 18060B   21029.22531615 -.00000038  00000+0  00000+0 0  9997
2 43565  56.9455  34.8756 0005986 283.7892  76.1793  1.70475932 15714
GSAT0219 (GALILEO 23)   
1 43566U 18060C   21028.27260041 -.00000038  00000+0  00000+0 0  9994
2 43566  56.9460  34.9034 0005671 279.6971  80.2775  1.70475793 15670
GSAT0220 (GALILEO 24)   
1 43567U 18060D   21030.25221586 -.00000040  00000+0  00000+0 0  9990
2 43567  56.9472  34.8499 0005825 280.9437  79.0217  1.70475715 15694
BEIDOU-3 M13            
1 43622U 18072A   21030.36934243  .00000012  00000+0  00000+0 0  9996
2 43622  55.2264 128.2771 0005340 279.6857  83.2236  1.86231492 16082
BEIDOU-3 M14            
1 43623U 18072B   21030.34905550  .00000012  00000+0  00000+0 0  9994
2 43623  55.2257 128.2700 0003552 311.7367 127.8086  1.86231523 16087
METEOR-M2 2             
1 44387U 19038A   21030.58282229 -.00000029  00000+0  62937-5 0  9994
2 44387  98.6515 352.4800 0000615   0.8752 359.2413 14.23685005 81851
