CRE (WAAS/PRN 138)      
1 28868U 05036A   21030.65017649 -.00000071  00000+0  00000+0 0  9997
2 28868   0.0300 320.9228 0002415  21.4327 274.4853  1.00270993 26769
IOR-W (EGNOS/PRN 126)   
1 28899U 05044A   21030.54208458  .00000014  00000+0  00000+0 0  9994
2 28899   3.1536  32.2360 0003009 285.8149  70.9744  1.00271963 55821
QZS-1 (QZSS/PRN 183)    
1 37158U 10045A   21030.62741044 -.00000155  00000+0  00000+0 0  9998
2 37158  41.8345 140.3968 0760103 270.6321  84.4016  1.00257827 38051
GSAT-8 (GAGAN/PRN 127)  
1 37605U 11022A   21030.54033985  .00000087  00000+0  00000+0 0  9993
2 37605   0.0107 307.9212 0008155 332.0011  99.6433  1.00271169 33528
LUCH 5A (SDCM/PRN 140)  
1 37951U 11074B   21030.63995767 -.00000045  00000+0  00000+0 0  9994
2 37951   3.7884 108.6883 0002496 242.9600 175.8797  1.00269479 33508
SES-5 (EGNOS/PRN 136)   
1 38652U 12036A   21030.40327405  .00000036  00000+0  00000+0 0  9994
2 38652   0.0263  78.1163 0001994 221.9522 339.9152  1.00268643 24805
GSAT-10 (GAGAN/PRN 128) 
1 38779U 12051B   21030.61417736 -.00000162  00000+0  00000+0 0  9992
2 38779   0.0324 266.9146 0003187   0.7858 166.4728  1.00271046 30420
LUCH 5B (SDCM/PRN 125)  
1 38977U 12061A   21030.45388896 -.00000132  00000+0  00000+0 0  9996
2 38977   6.2207  66.1699 0001904 249.4902 321.3041  1.00272177 30480
ASTRA 5B (EGNOS/PRN 123)
1 39617U 14011B   21030.53562911  .00000157  00000+0  00000+0 0  9992
2 39617   0.0263  17.1548 0003492 293.1942  43.9196  1.00271924 24973
LUCH 5V (SDCM/PRN 141)  
1 39727U 14023A   21030.58799439 -.00000266  00000+0  00000+0 0  9991
2 39727   0.4846  34.9798 0002444 353.2708  48.1380  1.00276002 24675
GSAT-15 (GAGAN/PRN 139) 
1 41028U 15065A   21030.47622139 -.00000255  00000+0  00000+0 0  9993
2 41028   0.0060 325.0423 0001187 299.3658 130.4267  1.00270697 19118
E 117 W B (WAAS/PRN 131)
1 41589U 16038B   21030.29239311 -.00000008  00000+0  00000+0 0  9998
2 41589   0.0068 190.6043 0000483 274.0491  13.3244  1.00272239 16985
SES-15 (WAAS/PRN 133)   
1 42709U 17026A   21030.16760141  .00000063  00000+0  00000+0 0  9997
2 42709   0.0124  51.8527 0000698 258.4857 110.4381  1.00270158 14457
QZS-2 (QZSS/PRN 184)    
1 42738U 17028A   21030.51993682 -.00000104  00000+0  00000+0 0  9995
2 42738  42.6105 271.2426 0751894 269.8850 277.1123  1.00275618 13456
QZS-3 (QZSS/PRN 189)    
1 42917U 17048A   21030.55464655 -.00000346  00000+0  00000+0 0  9991
2 42917   0.0643 226.8553 0002745  99.4384 130.3897  1.00271670 12563
QZS-4 (QZSS/PRN 185)    
1 42965U 17062A   21030.27107182 -.00000295  00000+0  00000+0 0  9991
2 42965  40.8303   8.6192 0751057 268.9312  86.9127  1.00295169 12120
