ASTRA 1D                
1 23331U 94070A   21030.44298620 -.00000265  00000+0  00000+0 0  9995
2 23331   9.4161  40.8733 0003386 276.0117 259.4390  1.00269012 96596
AMC-1 (GE-1)            
1 24315U 96054A   21030.59688696  .00000067  00000+0  00000+0 0  9993
2 24315   4.4495  77.1412 0003462 233.5601 263.2946  1.00271851 26634
AMC-3 (GE-3)            
1 24936U 97050A   21030.46520110 -.00000258  00000+0  00000+0 0  9994
2 24936   3.3342  83.9462 0003163 229.1772 272.2318  1.00269689 32748
NSS-5                   
1 24957U 97053A   21030.06861021  .00000107  00000+0  00000+0 0  9997
2 24957   6.4209  62.5127 0003900 242.4244 259.7500  1.00269905 85471
ASTRA 1G                
1 25071U 97076A   21030.24007745  .00000128  00000+0  00000+0 0  9998
2 25071   5.1132  71.8464 0004059 223.9876 308.0996  1.00051914 84866
ASTRA 2A                
1 25462U 98050A   21030.53493122  .00000150  00000+0  00000+0 0  9990
2 25462   2.1678  90.8627 0002487 216.4985  43.1345  1.00271723 26644
AMC-4 (GE-4)            
1 25954U 99060A   21030.59373764  .00000090  00000+0  00000+0 0  9996
2 25954   0.2746  97.5222 0002853 210.9686 260.3633  1.00271875 23866
ASTRA 2B                
1 26494U 00054A   21030.31791757  .00000119  00000+0  00000+0 0  9999
2 26494   5.0150  72.4468 0005087 240.0251 311.3487  1.00275186 27199
NSS-11 (AAP-1)          
1 26554U 00059A   21030.64631267  .00000027  00000+0  00000+0 0  9994
2 26554   0.0409 270.0599 0002710  31.8937 236.7797  1.00269571 21612
AMC-6 (GE-6)            
1 26580U 00067A   21030.62466637  .00000107  00000+0  00000+0 0  9996
2 26580   0.0613 281.3635 0002967  35.9174 258.6458  1.00271816 74234
ASTRA 2D                
1 26638U 00081A   21030.12618797  .00000065  00000+0  00000+0 0  9990
2 26638   6.2489  63.4560 0002246 256.3262 272.4146  1.00272316 33217
AMC-8 (GE-8)            
1 26639U 00081B   21030.59379645  .00000090  00000+0  00000+0 0  9996
2 26639   1.2054  93.7817 0002748 225.5554 249.4353  1.00272150 73642
ASTRA 2C                
1 26853U 01025A   21030.53397163  .00000138  00000+0  00000+0 0  9995
2 26853   3.3601  83.7205 0002995 230.3603  31.8390  1.00274938 25359
ASTRA 3A                
1 27400U 02015B   21030.33219406 -.00000201  00000+0  00000+0 0  9997
2 27400   6.3686  62.2508 0001866 254.6041 205.7453  1.00271200 69037
NSS-7                   
1 27414U 02019A   21030.45354001 -.00000156  00000+0  00000+0 0  9999
2 27414   4.7449  75.1712 0002555 238.9737 318.9946  1.00271077 68871
NSS-6                   
1 27603U 02057A   21030.60182951  .00000110  00000+0  00000+0 0  9990
2 27603   0.3637  97.5892 0004463 216.2125 223.3856  1.00272450 66355
AMC-11 (GE-11)          
1 28252U 04017A   21030.59665154  .00000072  00000+0  00000+0 0  9995
2 28252   0.0673 283.7458 0002997  43.7679 246.3041  1.00272122 61191
AMC-15                  
1 28446U 04041A   21030.61521108 -.00000086  00000+0  00000+0 0  9996
2 28446   0.0149  39.3604 0002920 280.0232 287.0787  1.00271735 59633
AMC-16                  
1 28472U 04048A   21030.44063082 -.00000203  00000+0  00000+0 0  9996
2 28472   0.0597 282.7438 0002905  23.1349 257.6130  1.00272053 59039
NSS-10 (AMC-12)         
1 28526U 05003A   21030.42549675 -.00000248  00000+0  00000+0 0  9992
2 28526   1.5561  92.5148 0003199 216.8948 296.1736  1.00270866 33462
ASTRA 1KR               
1 29055U 06012A   21030.28799397  .00000122  00000+0  00000+0 0  9993
2 29055   0.0194 289.2483 0004732 344.5391 338.8074  1.00267914 26032
AMC-18                  
1 29644U 06054B   21030.44097977 -.00000212  00000+0  00000+0 0  9997
2 29644   0.0341 273.9846 0002746  42.9776 248.6480  1.00270523 51871
ASTRA 1L                
1 31306U 07016A   21030.31783034  .00000123  00000+0  00000+0 0  9996
2 31306   0.0557 296.7977 0005138   8.3909 318.1725  1.00270753 25341
ASTRA 4A (SIRIUS 4)     
1 32299U 07057A   21030.40327405  .00000035  00000+0  00000+0 0  9991
2 32299   0.0552 283.0897 0002711  26.4995 330.2195  1.00271366 31982
AMC-21                  
1 33275U 08038B   21030.60162816  .00000040  00000+0  00000+0 0  9997
2 33275   0.0537 281.5583 0002470  34.6470 265.5023  1.00268865 45802
ASTRA 1M                
1 33436U 08057A   21030.53318649  .00000122  00000+0  00000+0 0  9997
2 33436   0.0201 112.1518 0000507 124.2948 104.6503  1.00268989 26049
CIEL-2                  
1 33453U 08063A   21030.59867852  .00000061  00000+0  00000+0 0  9996
2 33453   0.0113 227.7541 0003174  94.3851 254.5791  1.00269946 44455
NSS-9                   
1 33749U 09008A   21030.59598333  .00000074  00000+0  00000+0 0  9993
2 33749   0.0551 274.4593 0002403  33.7013 219.4806  1.00271125 43847
SES-7 (PROTOSTAR 2)     
1 34941U 09027A   21030.63973693 -.00000342  00000+0  00000+0 0  9999
2 34941   0.0256  83.1727 0002234 180.6450 204.8342  1.00268781 42933
NSS-12                  
1 36032U 09058A   21030.54068880  .00000074  00000+0  00000+0 0  9990
2 36032   0.0544 281.7444 0003040  35.7626  64.1053  1.00271092 41225
SES-1                   
1 36516U 10016A   21030.61814182 -.00000111  00000+0  00000+0 0  9998
2 36516   0.0452 283.9146 0002786  35.5095 292.1543  1.00271519 39359
ASTRA 3B                
1 36581U 10021A   21030.53405885  .00000140  00000+0  00000+0 0  9994
2 36581   0.0320  40.2397 0002436 282.1214  23.3456  1.00274425 39189
SES-3                   
1 37748U 11035A   21030.26336079 -.00000098  00000+0  00000+0 0  9997
2 37748   0.0441 291.2600 0003180  31.9689 158.2640  1.00271095 34927
ASTRA 1N                
1 37775U 11041A   21030.53318649  .00000122  00000+0  00000+0 0  9994
2 37775   0.0399  29.6145 0003934 327.6895 343.8049  1.00269185 24838
SES-2                   
1 37809U 11049A   21030.44019464 -.00000192  00000+0  00000+0 0  9991
2 37809   0.0191 309.8689 0003166  11.1800 240.3049  1.00268029 34276
QUETZSAT 1              
1 37826U 11054A   21030.44220108 -.00000238  00000+0  00000+0 0  9996
2 37826   0.0143  58.2597 0002981 253.4190 260.3807  1.00272825 30204
SES-4                   
1 38087U 12007A   21030.30963014 -.00000165  00000+0  00000+0 0  9999
2 38087   0.0139  32.2822 0002290 273.4273 273.4887  1.00271891 32554
SES-5                   
1 38652U 12036A   21030.40327405  .00000036  00000+0  00000+0 0  9994
2 38652   0.0263  78.1163 0001994 221.9522 339.9152  1.00268643 24805
ASTRA 2F                
1 38778U 12051A   21030.53493122  .00000152  00000+0  00000+0 0  9993
2 38778   0.0968 251.2204 0003837  11.5535  87.9557  1.00268827 21429
SES-6                   
1 39172U 13026A   21030.44943992 -.00000258  00000+0  00000+0 0  9998
2 39172   0.0566 281.0388 0002525  32.9185 297.2228  1.00271696 28030
O3B FM5                 
1 39188U 13031A   21030.52821415 -.00000014  00000+0  00000+0 0  9995
2 39188   0.0610  17.7230 0002787 279.0148  63.2296  5.00115812138792
O3B FM4                 
1 39189U 13031B   21027.99541728 -.00000015  00000+0  00000+0 0  9990
2 39189   0.0310   0.7008 0007412 266.0892  93.1216  5.00116318138681
O3B FM2                 
1 39190U 13031C   21030.44636939 -.00000014  00000+0  00000+0 0  9994
2 39190   0.0433 346.2965 0007151 357.9828  15.6944  5.00115608138877
O3B PFM                 
1 39191U 13031D   21030.49993425 -.00000014  00000+0  00000+0 0  9996
2 39191   0.0535  12.5945 0003185 291.9680  55.4032  5.00115551138662
ASTRA 2E                
1 39285U 13056A   21030.53501845  .00000153  00000+0  00000+0 0  9996
2 39285   0.0594  32.8992 0002586 289.1839  28.9570  1.00271065 26754
SES-8                   
1 39460U 13071A   21030.54216071 -.00000267  00000+0  00000+0 0  9990
2 39460   0.0527 259.6278 0001196  69.3582  91.1635  1.00272182 24753
ASTRA 5B                
1 39617U 14011B   21030.53562911  .00000157  00000+0  00000+0 0  9992
2 39617   0.0263  17.1548 0003492 293.1942  43.9196  1.00271924 24973
O3B FM3                 
1 40079U 14038A   21030.38106321 -.00000014  00000+0  00000+0 0  9990
2 40079   0.0483   1.2240 0001844 247.2957 111.4565  5.00115522114795
O3B FM7                 
1 40080U 14038B   21030.32755372 -.00000014  00000+0  00000+0 0  9992
2 40080   0.0498 356.2049 0004356 324.2786  39.4807  5.00115615119628
O3B FM6                 
1 40081U 14038C   21029.55409696 -.00000014  00000+0  00000+0 0  9991
2 40081   0.0473   1.0091 0002749 305.3716  53.5900  5.00115749119541
O3B FM8                 
1 40082U 14038D   21030.20760361 -.00000014  00000+0  00000+0 0  9995
2 40082   0.0449 358.4248 0002596 311.9281  49.6203  5.00115254119697
O3B FM10                
1 40348U 14083A   21030.23396301 -.00000014  00000+0  00000+0 0  9992
2 40348   0.0485  11.7032 0002578 296.8365  51.4331  5.00115683111642
O3B FM11                
1 40349U 14083B   21030.44702499 -.00000014  00000+0  00000+0 0  9995
2 40349   0.0527   9.2283 0003322 298.3005  52.4369  5.00115718111670
O3B FM12                
1 40350U 14083C   21030.51458764 -.00000014  00000+0  00000+0 0  9998
2 40350   0.0518   8.6445 0002800 303.4887  47.8389  5.00115637111682
O3B FM9                 
1 40351U 14083D   21030.50076988 -.00000014  00000+0  00000+0 0  9992
2 40351   0.0539   8.9471 0002663 299.0014  52.0233  5.00115148111837
ASTRA 2G                
1 40364U 14089A   21030.53493122  .00000152  00000+0  00000+0 0  9990
2 40364   0.0241  26.7897 0003325 349.1455 334.7896  1.00272846 22272
SES-9                   
1 41380U 16013A   21030.47918740 -.00000342  00000+0  00000+0 0  9991
2 41380   0.0189 284.9143 0001292 112.4422  13.3843  1.00269058 17749
SES-10                  
1 42432U 17017A   21030.30064483 -.00000269  00000+0  00000+0 0  9991
2 42432   0.0159  65.3732 0003054 237.3240 228.3696  1.00274093 14053
SES-15                  
1 42709U 17026A   21030.16760141  .00000063  00000+0  00000+0 0  9997
2 42709   0.0124  51.8527 0000698 258.4857 110.4381  1.00270158 14457
SES-11 (ECHOSTAR 105)   
1 42967U 17063A   21030.61521050 -.00000086  00000+0  00000+0 0  9994
2 42967   0.0150 101.3572 0002514 196.4891 308.7470  1.00270642 12098
SES-14                  
1 43175U 18012B   21030.44804414 -.00000275  00000+0  00000+0 0  9990
2 43175   0.0262  84.3937 0001156 228.0358 291.2704  1.00268709 11377
O3B FM15                
1 43231U 18024A   21030.36748819 -.00000014  00000+0  00000+0 0  9994
2 43231   0.0457  14.3487 0002912 290.9733  54.6467  5.00115441 52780
O3B FM16                
1 43232U 18024B   21029.22143951 -.00000014  00000+0  00000+0 0  9994
2 43232   0.0431  18.6268 0002950 286.0547  55.2868  5.00115441 52645
O3B FM14                
1 43233U 18024C   21030.26080317 -.00000014  00000+0  00000+0 0  9997
2 43233   0.0419  19.7493 0003091 287.9955  52.2231  5.00115865 52702
O3B FM13                
1 43234U 18024D   21030.27441473 -.00000014  00000+0  00000+0 0  9993
2 43234   0.0699  15.1415 0004986 263.9587  80.8393  5.00115694 52825
SES-12                  
1 43488U 18049A   21030.33292216 -.00000266  00000+0  00000+0 0  9996
2 43488   0.0170  62.2835 0002338 222.5666  59.7574  1.00270780  9739
O3B FM20                
1 44112U 19020A   21029.08768451 -.00000014  00000+0  00000+0 0  9991
2 44112   0.0479  11.1800 0003260 289.0167  59.7672  5.00115623 33262
O3B FM19                
1 44113U 19020B   21030.27442631 -.00000014  00000+0  00000+0 0  9994
2 44113   0.0788  26.9043 0003279 253.9327  79.1220  5.00115651 33173
O3B FM17                
1 44114U 19020C   21029.59454610 -.00000014  00000+0  00000+0 0  9998
2 44114   0.0288   1.6109 0002947 302.4195  55.9376  5.00115089 33232
O3B FM18                
1 44115U 19020D   21030.34101481 -.00000014  00000+0  00000+0 0  9999
2 44115   0.0484  11.3402 0002819 295.7480  52.8819  5.00115497 33404
