LEMUR-1                 
1 40044U 14033AL  21030.56126107  .00000156  00000+0  30336-4 0  9997
2 40044  97.6843 240.8602 0058719 347.9767  12.0037 14.74308010355370
LEMUR-2-JOEL            
1 40932U 15052C   21030.60417991  .00000935  00000+0  38542-4 0  9996
2 40932   6.0076 132.7250 0014184 300.1396  59.7327 14.78095524289051
LEMUR-2-CHRIS           
1 40933U 15052D   21030.33654736  .00000906  00000+0  34344-4 0  9991
2 40933   6.0058 131.2275 0014746 304.6219  55.2519 14.78236185289043
LEMUR-2-PETER           
1 40935U 15052F   21029.28175993  .00000917  00000+0  37646-4 0  9998
2 40935   6.0029 158.3169 0010967 245.8867 114.0113 14.77392193288685
LEMUR-2-XIAOQING        
1 41871U 16062C   21030.62624736  .00002246  00000+0  93938-4 0  9997
2 41871  51.6370 251.8582 0004806 308.2058  51.8488 15.27942152232931
LEMUR-2-SOKOLSKY        
1 41872U 16062D   21030.35899337  .00002214  00000+0  93233-4 0  9992
2 41872  51.6833 260.1091 0003094  62.1167 298.0126 15.27763315232867
LEMUR-2-ANUBHAVTHAKUR   
1 41873U 16062E   21030.10257435  .00001621  00000+0  79453-4 0  9992
2 41873  51.6797 280.3697 0007771 284.4703  75.5413 15.24151458232519
LEMUR-2-WINGO           
1 41874U 16062F   21030.61106762  .00001005  00000+0  49999-4 0  9993
2 41874  51.6531 258.5296 0010775 221.1457 138.8711 15.27341275232841
LEMUR-2-JOBANPUTRA      
1 41991U 17008AV  21030.45531587  .00001568  00000+0  64133-4 0  9994
2 41991  97.3295  97.7211 0006331 210.7154 149.3714 15.25804681219394
LEMUR-2-SPIRE-MINIONS   
1 41992U 17008AW  21030.46821323  .00002151  00000+0  83042-4 0  9995
2 41992  97.3341  99.8115 0006177 204.0344 156.0608 15.27339153219518
LEMUR-2-SATCHMO         
1 41993U 17008AX  21030.61956635  .00001468  00000+0  59786-4 0  9996
2 41993  97.3300  98.2699 0006292 208.8811 151.2080 15.26051980219444
LEMUR-2-SMITA-SHARAD    
1 41994U 17008AY  21030.44431194  .00002161  00000+0  83526-4 0  9996
2 41994  97.3335  99.6284 0006306 202.3720 157.7245 15.27300183219506
LEMUR-2-RDEATON         
1 41995U 17008AZ  21030.44295249  .00001438  00000+0  58668-4 0  9991
2 41995  97.3309  98.2471 0007017 226.5769 133.4886 15.26005593220108
LEMUR-2-TACHIKOMA       
1 41996U 17008BA  21030.43088161  .00001998  00000+0  77879-4 0  9990
2 41996  97.3370  99.8013 0006779 222.3749 137.6967 15.27104457219397
LEMUR-2-NOGUECORREIG    
1 41997U 17008BB  21030.45846157  .00002090  00000+0  80591-4 0  9999
2 41997  97.3352 100.1273 0006846 220.6165 139.4565 15.27410770219516
LEMUR-2-MIA-GRACE       
1 41998U 17008BC  21030.59564827  .00001367  00000+0  56111-4 0  9993
2 41998  97.3305  98.1630 0006983 226.6542 133.4115 15.25892684219358
LEMUR-2-ANGELA          
1 42752U 17019B   21030.58850119  .00001553  00000+0  60022-4 0  9998
2 42752  51.6388 158.6043 0009510  47.7288 312.4498 15.32740556203915
LEMUR-2-JENNYBARNA      
1 42753U 17019C   21030.58708156  .00004413  00000+0  13903-3 0  9995
2 42753  51.6381 149.0470 0008591  54.1741 306.0038 15.34976518203999
LEMUR-2-ROBMOORE        
1 42754U 17019D   21030.60632390  .00002077  00000+0  76554-4 0  9991
2 42754  51.6390 159.4367 0009429  49.6184 310.5619 15.32637788203885
LEMUR-2-SPIROVISION     
1 42755U 17019E   21030.47963084  .00005587  00000+0  17343-3 0  9993
2 42755  51.6390 149.4721 0008767  58.2393  62.5786 15.34899162203899
LEMUR-2-SHAINAJOHL      
1 42771U 17036G   21030.61603986  .00001614  00000+0  69652-4 0  9996
2 42771  97.2729  83.2962 0012338 300.6337  59.3684 15.23869109200313
LEMUR-2-XUENITERENCE    
1 42772U 17036H   21030.56759560  .00001610  00000+0  69101-4 0  9996
2 42772  97.2708  83.2776 0011832 299.3619  60.6436 15.24069353200324
LEMUR-2-LUCYBRYCE       
1 42773U 17036J   21030.56931916  .00001092  00000+0  48476-4 0  9990
2 42773  97.2778  83.9504 0011963 298.7602  61.2433 15.23580701200337
LEMUR-2-KUNGFOO         
1 42774U 17036K   21030.55666929  .00001622  00000+0  69637-4 0  9990
2 42774  97.2730  83.5265 0011762 299.4314  60.5749 15.24043144200317
LEMUR-2-LYNSEY-SYMO     
1 42779U 17036Q   21030.60569321  .00001764  00000+0  72056-4 0  9995
2 42779  97.2776  86.1793 0009625 302.4365  57.5942 15.25637590200465
LEMUR-2-LISASAURUS      
1 42780U 17036R   21030.42800054  .00001171  00000+0  51034-4 0  9993
2 42780  97.2767  84.6096 0010130 307.5970  52.4348 15.24097874200364
LEMUR-2-SAM-AMELIA      
1 42781U 17036S   21030.41107744  .00001184  00000+0  51149-4 0  9990
2 42781  97.2783  85.2556 0010168 306.6461  53.3842 15.24375890200385
LEMUR-2-MCPEAKE         
1 42782U 17036T   21030.59775337  .00001744  00000+0  72624-4 0  9992
2 42782  97.2747  85.4858 0009655 305.0527  54.9805 15.25006400200428
LEMUR-2-GREENBERG       
1 42837U 17042N   21030.59099152  .00000442  00000+0  48423-4 0  9998
2 42837  97.4961 269.2729 0011695 238.3635 121.6444 14.92356253193253
LEMUR-2-ANDIS           
1 42838U 17042P   21030.58728566  .00000446  00000+0  48801-4 0  9990
2 42838  97.4957 269.2634 0011752 237.7360 122.2721 14.92346342193259
LEMUR-2-MONSON          
1 42839U 17042Q   21030.60945606  .00000566  00000+0  60803-4 0  9999
2 42839  97.4962 269.1410 0011478 237.6225 122.3884 14.92161727193243
LEMUR-2-FURIAUS         
1 42840U 17042R   21030.56672963  .00000123  00000+0  17262-4 0  9999
2 42840  97.4977 269.3440 0011706 238.4678 121.5399 14.92247789193246
LEMUR-2-PETERG          
1 42841U 17042S   21030.64010003  .00000225  00000+0  27037-4 0  9994
2 42841  97.4995 269.9765 0011220 234.4564 125.5610 14.92618374193291
LEMUR-2-DEMBITZ         
1 42842U 17042T   21030.63307953  .00000265  00000+0  30929-4 0  9995
2 42842  97.4983 269.9113 0011310 235.2449 124.7706 14.92598650193298
LEMUR-2-ZACHARY         
1 42845U 17042W   21030.63029617  .00000340  00000+0  37916-4 0  9993
2 42845  97.4904 269.4106 0011541 237.9126 122.0974 14.92891731193315
LEMUR-2-ARTFISCHER      
1 42881U 17042BJ  21030.59999554  .00004747  00000+0  10797-3 0  9996
2 42881  96.8607 250.8741 0009388 208.7875 151.2857 15.43389614199050
LEMUR-2-ROCKETJONAH     
1 43041U 17071E   21030.23141662  .00011551  00000+0  19102-3 0  9997
2 43041  51.6354   9.4596 0001959  66.2560 293.8636 15.52695538180027
LEMUR-2-YONGLIN         
1 43045U 17071J   21030.33106110  .00014573  00000+0  22736-3 0  9995
2 43045  51.6373   3.5133 0002842 126.4190 233.7063 15.54079587177849
LEMUR-2-KEVIN           
1 43046U 17071K   21030.19410997  .00009108  00000+0  16104-3 0  9991
2 43046  51.6377  13.8167 0002998 136.3086 223.8142 15.51104246177690
LEMUR-2-BRIANDAVIE      
1 43047U 17071L   21030.39402004  .00011515  00000+0  19470-3 0  9998
2 43047  51.6358  11.9978 0001355 168.4904 191.6117 15.52072603177720
LEMUR-2-ROMACOSTE       
1 43048U 17071M   21030.33624528  .00011640  00000+0  19230-3 0  9993
2 43048  51.6363   8.7347 0001420 168.9430 191.1592 15.52714625177766
LEMUR-2-MCCULLAGH       
1 43051U 17071Q   21030.34481415  .00012420  00000+0  20500-3 0  9993
2 43051  51.6401   8.8895 0001662  34.3042 325.8055 15.52667885177715
LEMUR-2-DUNLOP          
1 43053U 17071S   21030.32974815  .00009569  00000+0  16871-3 0  9990
2 43053  51.6353  15.2617 0001443  30.5124 329.5949 15.51115550177633
LEMUR-2-LIU-POU-CHUN    
1 43054U 17071T   21030.33964709  .00011792  00000+0  20132-3 0  9999
2 43054  51.6362  10.9541 0001570  73.0432 287.0730 15.51773533177690
LEMUR-2-MCCAFFERTY      
1 43123U 18004N   21030.46170736  .00002469  00000+0  97473-4 0  9990
2 43123  97.4269 107.4152 0008416 339.2306  20.8589 15.26457558169711
LEMUR-2-PETERWEBSTER    
1 43124U 18004P   21030.46608541  .00002212  00000+0  87895-4 0  9994
2 43124  97.4270 107.2822 0008344 338.3360  21.7524 15.26355323169701
LEMUR-2-BROWNCOW        
1 43125U 18004Q   21030.45356558  .00002293  00000+0  89190-4 0  9991
2 43125  97.4294 107.8107 0007982 338.4868  21.6035 15.27036777169730
LEMUR-2-DAVEWILSON      
1 43126U 18004R   21030.45777358  .00002519  00000+0  98172-4 0  9998
2 43126  97.4285 107.6467 0008088 338.4305  21.6592 15.26871736169720
LEMUR-2-MARSHALL        
1 43165U 18010C   21030.54516939  .00002047  00000+0  87890-4 0  9995
2 43165  82.9178 181.9155 0028917 315.2717  44.6187 15.21722051167896
LEMUR-2-TALLHAMN-ATC    
1 43167U 18010E   21030.58406353  .00001984  00000+0  91819-4 0  9994
2 43167  82.9207 185.5948 0022991 333.8893  26.1180 15.19293111167679
LEMUR-2-JIN-LUEN        
1 43182U 18014C   21030.27077423  .00000676  00000+0  63814-4 0  9994
2 43182  97.6770 298.7410 0013707 183.1765 176.9372 14.96906003163582
LEMUR-2-URAMCHANSOL     
1 43183U 18014D   21030.50010674  .00000907  00000+0  83766-4 0  9991
2 43183  97.6790 299.0672 0013458 181.0944 179.0250 14.96994428163620
LEMUR-2-KADI            
1 43184U 18014E   21030.49269807  .00001151  00000+0  10507-3 0  9998
2 43184  97.6785 299.0820 0013485 181.7542 178.3635 14.96944447163626
LEMUR-2-THENICKMOLO     
1 43185U 18014F   21030.48590367  .00001171  00000+0  10671-3 0  9990
2 43185  97.6790 299.1395 0013354 182.4572 177.6586 14.96981822163622
LEMUR-2-VU              
1 43558U 18046E   21030.51559193  .00002603  00000+0  92944-4 0  9990
2 43558  51.6402  88.0514 0007406  35.3684 324.7787 15.32640775142215
LEMUR-2-ALEXANDER       
1 43559U 18046F   21030.52177086  .00002432  00000+0  87094-4 0  9999
2 43559  51.6404  87.3611 0007413  34.9990 325.1478 15.32842121142009
LEMUR-2-YUASA           
1 43560U 18046G   21030.54396986  .00002689  00000+0  95786-4 0  9996
2 43560  51.6412  88.2352 0007593  47.3642 312.7979 15.32588965142217
LEMUR-2-TOMHENDERSON    
1 43561U 18046H   21030.53140779  .00001739  00000+0  66717-4 0  9990
2 43561  51.6409  88.8901 0007812  47.3133 312.8506 15.32263190141765
LEMUR-2-ZUPANSKI        
1 43695U 18088F   21030.44299399  .00001912  00000+0  81514-4 0  9992
2 43695  85.0314 287.4007 0016379 183.7326 176.3797 15.22104759123297
LEMUR-2-CHANUSIAK       
1 43697U 18088H   21030.42933356  .00001807  00000+0  75098-4 0  9993
2 43697  85.0379 287.4519 0015844 163.1895 196.9876 15.22923242123367
LEMUR-2-ORZULAK         
1 43731U 18096N   21030.46182948  .00002417  00000+0  84805-4 0  9992
2 43731  97.4042 110.5271 0020214  45.5387 314.7502 15.30230914121143
LEMUR-2-KOBYSZCZE       
1 43732U 18096P   21030.45341837  .00002383  00000+0  83264-4 0  9996
2 43732  97.4049 110.7383 0020323  45.5185 314.7713 15.30380762121156
LEMUR-2-DULY            
1 43745U 18096AC  21030.25326612  .00002573  00000+0  89557-4 0  9994
2 43745  97.4043 110.4948 0020237  45.5610 314.7282 15.30438456121138
LEMUR-2-VLADIMIR        
1 43746U 18096AD  21030.20492849  .00002907  00000+0  10035-3 0  9991
2 43746  97.4043 110.5482 0020226  45.9520 314.3382 15.30588704121156
LEMUR-2-CHRISTINAHOLT   
1 43882U 18111G   21030.48844317  .00001080  00000+0  98330-4 0  9997
2 43882  97.6977 301.0858 0011099 196.1436 163.9434 14.97184980114475
LEMUR-2-TINYKEV         
1 43883U 18111H   21030.45639695  .00000123  00000+0  15646-4 0  9992
2 43883  97.6981 301.1416 0010897 199.4183 160.6626 14.97295692114472
LEMUR-2-REMY-COLTON     
1 43884U 18111J   21030.56027764  .00001257  00000+0  11288-3 0  9999
2 43884  97.6979 301.3856 0010981 196.3438 163.7436 14.97459928112502
LEMUR-2-GUSTAVO         
1 43885U 18111K   21030.43860701  .00000997  00000+0  90902-4 0  9993
2 43885  97.6996 301.2243 0010576 193.9740 166.1190 14.97298230114479
LEMUR-2-ZO              
1 43886U 18111L   21030.46164035  .00000194  00000+0  21737-4 0  9993
2 43886  97.6993 301.3961 0010633 196.1868 163.9016 14.97382007114484
LEMUR-2-NATALIEMURRAY   
1 43887U 18111M   21030.46881153  .00000382  00000+0  37771-4 0  9995
2 43887  97.6992 301.5493 0010946 195.2217 164.8678 14.97501557114499
LEMUR-2-SARAHBETTYBOO   
1 43888U 18111N   21030.50942594  .00000743  00000+0  68613-4 0  9998
2 43888  97.7015 301.7242 0010664 190.3021 169.7985 14.97550750114503
LEMUR-2-DAISY-HARPER    
1 43889U 18111P   21030.47058190  .00000444  00000+0  42896-4 0  9998
2 43889  97.7001 301.7777 0010925 193.7502 166.3425 14.97634465114499
LEMUR-2-JOHANLORAN      
1 44084U 19018G   21030.42661747  .00002436  00000+0  10156-3 0  9992
2 44084  97.3830  94.1598 0014466  91.8990 268.3905 15.24562509101975
LEMUR-2-BEAUDACIOUS     
1 44085U 19018H   21030.61837637  .00002329  00000+0  98644-4 0  9997
2 44085  97.3824  94.2012 0014561  92.3048 267.9856 15.24062661101993
LEMUR-2-ELHAM           
1 44086U 19018J   21030.61187596  .00002216  00000+0  92070-4 0  9992
2 44086  97.3837  94.5748 0014588  91.9431 268.3477 15.24770679102010
LEMUR-2-VICTOR-ANDREW   
1 44087U 19018K   21030.59465932  .00002524  00000+0  10424-3 0  9997
2 44087  97.3840  94.6020 0014439  92.4960 267.7931 15.24849048102012
LEMUR-2-LILLYJO         
1 44396U 19038L   21030.59168420  .00002551  00000+0  14499-3 0  9990
2 44396  97.5610 355.4760 0025927  63.9391 296.4504 15.13535491 86924
LEMUR-2-WANLI           
1 44402U 19038S   21030.61675743  .00002425  00000+0  13833-3 0  9993
2 44402  97.5621 355.4907 0025946  64.7813 295.6102 15.13452442 86936
LEMUR-2-MORAG           
1 44403U 19038T   21030.59365281  .00002787  00000+0  15767-3 0  9993
2 44403  97.5641 355.7647 0024676  67.7532 292.6311 15.13648182 86930
LEMUR-2-DUSTINTHEWIND   
1 44405U 19038V   21030.45309876  .00001664  00000+0  96249-4 0  9996
2 44405  97.5625 355.3245 0025822  64.8082 295.5823 15.13402683 86918
LEMUR-2-ALEX-MADDY      
1 44407U 19038X   21030.41721904  .00001368  00000+0  80762-4 0  9998
2 44407  97.5679 355.4075 0024856  69.9283 290.4619 15.12972140 86888
LEMUR-2-EJATTA          
1 44409U 19038Z   21030.45060183  .00001907  00000+0  10854-3 0  9992
2 44409  97.5620 355.4490 0025631  63.9782 296.4085 15.13810630 86921
LEMUR-2-GREGROBINSON    
1 44411U 19038AB  21030.42248522  .00001873  00000+0  10743-3 0  9996
2 44411  97.5683 355.5992 0024862  69.7906 290.5996 15.13559638 86573
LEMUR-2-YNDRD           
1 44413U 19038AD  21030.34066091  .00001227  00000+0  72862-4 0  9992
2 44413  97.5668 355.3003 0024731  69.8215 290.5673 15.12959990 86888
LEMUR-2-JPGSQUARED      
1 44855U 19089D   21030.51518311  .00000588  00000+0  53556-4 0  9992
2 44855  36.9668 196.7642 0004412  79.7199 280.4057 14.99352170 62447
LEMUR-2-HIMOMANDDAD     
1 44860U 19089J   21030.49396862  .00001380  00000+0  11756-3 0  9996
2 44860  36.9669 197.5111 0005015  72.7256 287.4043 14.99191059 62439
LEMUR-2-PAPPY           
1 44861U 19089K   21030.48039950  .00001412  00000+0  11999-3 0  9993
2 44861  36.9633 197.3981 0004650  79.8522 280.2977 14.99233967 62377
LEMUR-2-THEODOSIA       
1 44863U 19089M   21030.46521332  .00000471  00000+0  44311-4 0  9992
2 44863  36.9643 197.2710 0004474  84.7421 275.4041 14.99252297 62281
LEMUR-2-ETHANOAKES      
1 46298U 20061AC  21030.43200190  .00001693  00000+0  10479-3 0  9995
2 46298  97.5039 106.8287 0002425 120.5951 239.5519 15.11133533 22455
LEMUR-2-OSCARLATOR      
1 46299U 20061AD  21030.16728283  .00001680  00000+0  10407-3 0  9991
2 46299  97.5042 106.5735 0002340 119.0074 241.1391 15.11115273 22447
LEMUR-2-SCHMIDTFALL     
1 46315U 20061AV  21030.46255726  .00001373  00000+0  84812-4 0  9991
2 46315  97.5045 106.9490 0003903 102.9192 257.2474 15.11506954 22539
LEMUR-2-DJUPROERA       
1 46316U 20061AW  21030.45959848  .00001357  00000+0  83785-4 0  9997
2 46316  97.5041 106.9455 0004047 102.9329 257.2354 15.11550183 22539
LEMUR-2-SQUAREJAWS      
1 46317U 20061AX  21030.45956251  .00001242  00000+0  77033-4 0  9995
2 46317  97.5043 106.9479 0004015 101.9426 258.2254 15.11537064 22544
LEMUR-2-URSA-AVION      
1 46318U 20061AY  21030.45690185  .00001370  00000+0  84533-4 0  9992
2 46318  97.5042 106.9509 0004112  99.1645 261.0051 15.11564276 22549
LEMUR-2-SLICERS         
1 46500U 20068Q   21030.56203398  .00001033  00000+0  82091-4 0  9993
2 46500  97.6811 328.7871 0013988 191.2746 168.8183 15.02583467 18559
LEMUR-2-DAYWZAGOODDAY   
1 46501U 20068R   21030.56869265  .00002467  00000+0  19021-3 0  9999
2 46501  97.6776 328.7769 0013533 194.5753 165.5094 15.02476170 18542
LEMUR-2-SUSURRUS        
1 46502U 20068S   21030.37310051  .00002837  00000+0  21808-3 0  9990
2 46502  97.6768 328.5684 0012741 201.5262 158.5428 15.02475816 18529
LEMUR-2-NICHOL          
1 46503U 20068T   21030.38156850  .00001360  00000+0  10750-3 0  9991
2 46503  97.6779 328.5562 0012067 204.7226 155.3422 15.02288684 18527
LEMUR-2-OZARAK          
1 46908U 20081D   21030.51213259  .00001368  00000+0  11710-3 0  9992
2 46908  36.9068 322.4488 0008746 293.9508  66.0312 14.98961500 12625
LEMUR-2-JINDRA          
1 46909U 20081E   21030.50842591  .00001598  00000+0  13548-3 0  9995
2 46909  36.9035 322.4167 0008761 297.7919  62.1922 14.99038865 12634
LEMUR-2-WALLACE         
1 46910U 20081F   21030.50636812  .00001451  00000+0  12353-3 0  9995
2 46910  36.9045 322.4000 0008797 299.6844  60.3017 14.99069346 12622
LEMUR-2-JEREMIAH        
1 46911U 20081G   21030.50382524  .00001579  00000+0  13369-3 0  9993
2 46911  36.9040 322.3803 0008697 300.9704  59.0179 14.99122103 12634
LEMUR-2-BAXTER-OLIVER   
1 46925U 98067RV  21030.45177373  .00017690  00000+0  27869-3 0  9996
2 46925  51.6432 302.2771 0001135  23.0421 337.0620 15.53644361 13387
LEMUR-2-DJARA           
1 46926U 98067RW  21030.26478248  .00015918  00000+0  25363-3 0  9999
2 46926  51.6434 303.2765 0000427  33.8421 326.2596 15.53416093 13376
