SPACEBEE-4              
1 43139U 18004AE  21030.44326591  .00003156  00000+0  11741-3 0  9994
2 43139  97.4312 109.0765 0007083 340.3364  19.7601 15.28232685169807
SPACEBEE-3              
1 43140U 18004AF  21030.16333539  .00004468  00000+0  15852-3 0  9999
2 43140  97.4337 109.9134 0006544 338.3600  21.7363 15.29568669169821
SPACEBEE-2              
1 43141U 18004AG  21030.15418882  .00004780  00000+0  16707-3 0  9991
2 43141  97.4353 110.3331 0006437 336.8654  23.2296 15.30026688169844
SPACEBEE-1              
1 43142U 18004AH  21030.18905131  .00004831  00000+0  16600-3 0  9992
2 43142  97.4361 110.7941 0006312 335.6665  24.4277 15.30574508169869
SPACEBEE-7              
1 43816U 18099BL  21030.43989136  .00000084  00000+0  12646-4 0  9992
2 43816  97.6848 104.4924 0014376 136.1721 224.0644 14.95946386117424
SPACEBEE-5              
1 43817U 18099BM  21030.47936614  .00001802  00000+0  16176-3 0  9990
2 43817  97.6918 105.4178 0014481 136.6036 223.6329 14.96900322117466
SPACEBEE-6              
1 43818U 18099BN  21030.16735810  .00000609  00000+0  59007-4 0  9997
2 43818  97.6871 104.4977 0014379 136.5858 223.6498 14.96240198117542
SPACEBEE-9              
1 44370U 19037F   21030.10582971  .00015562  00000+0  27932-3 0  9991
2 44370  45.0030 283.8933 0010759 112.9455 247.2573 15.49749815 89670
SPACEBEE-8              
1 44371U 19037G   21030.33297463  .00053072  00000+0  55021-3 0  9994
2 44371  45.0012 262.7405 0010661 178.4406 181.6526 15.63872162 89943
SPACEBEE-21             
1 46300U 20061AE  21030.15381434  .00002420  00000+0  14736-3 0  9998
2 46300  97.5042 106.5891 0002322 116.1080 244.0389 15.11331677 22401
SPACEBEE-20             
1 46301U 20061AF  21030.48385416  .00002297  00000+0  14003-3 0  9998
2 46301  97.5046 106.9196 0002314 114.6218 245.5253 15.11349129 22457
SPACEBEE-15             
1 46302U 20061AG  21030.48087494  .00002377  00000+0  14451-3 0  9990
2 46302  97.5042 106.9165 0002181 114.8150 245.3307 15.11406337 22452
SPACEBEE-19             
1 46303U 20061AH  21030.48260419  .00002374  00000+0  14449-3 0  9995
2 46303  97.5044 106.9183 0002307 114.3711 245.7760 15.11372093 22451
SPACEBEE-18             
1 46304U 20061AJ  21030.48258947  .00002317  00000+0  14115-3 0  9996
2 46304  97.5042 106.9175 0002287 114.4069 245.7400 15.11366741 22459
SPACEBEE-10             
1 46305U 20061AK  21030.47551538  .00002542  00000+0  15378-3 0  9990
2 46305  97.5045 106.9267 0002223 117.2887 242.8570 15.11526563 22450
SPACEBEE-17             
1 46306U 20061AL  21030.48050603  .00002381  00000+0  14476-3 0  9998
2 46306  97.5044 106.9222 0002273 114.1290 246.0178 15.11407860 22492
SPACEBEE-11             
1 46307U 20061AM  21030.47705416  .00002524  00000+0  15288-3 0  9998
2 46307  97.5045 106.9256 0002240 115.2778 244.8685 15.11486609 22451
SPACEBEE-16             
1 46308U 20061AN  21030.47985880  .00002367  00000+0  14386-3 0  9997
2 46308  97.5045 106.9244 0002275 113.9805 246.1664 15.11420270 22457
SPACEBEE-12             
1 46309U 20061AP  21030.41156129  .00002487  00000+0  15081-3 0  9994
2 46309  97.5045 106.8595 0002235 114.6526 245.4937 15.11467067 22449
SPACEBEE-13             
1 46310U 20061AQ  21030.47871662  .00002433  00000+0  14771-3 0  9994
2 46310  97.5045 106.9248 0002252 114.4480 245.6985 15.11446017 22495
SPACEBEE-14             
1 46311U 20061AR  21030.47848094  .00002424  00000+0  14716-3 0  9997
2 46311  97.5045 106.9255 0002246 114.0399 246.1066 15.11442719 22482
SPACEBEE-34             
1 46933U 20085E   21030.35274976  .00006694  00000+0  29602-3 0  9995
2 46933  97.3729 169.5392 0016691  54.8268 305.4531 15.21893407 10838
SPACEBEE-35             
1 46934U 20085F   21030.61640143  .00006436  00000+0  28489-3 0  9994
2 46934  97.3732 169.7971 0017065  52.2866 307.9915 15.21868492 10873
SPACEBEE-36             
1 46935U 20085G   21030.35359168  .00006355  00000+0  28143-3 0  9997
2 46935  97.3741 169.5410 0016966  53.9198 306.3610 15.21860008 10831
SPACEBEE-37             
1 46936U 20085H   21030.42095497  .00005970  00000+0  26501-3 0  9996
2 46936  97.3740 169.6015 0016895  54.3315 305.9477 15.21805134 10846
SPACEBEE-38             
1 46937U 20085J   21030.61975319  .00005943  00000+0  26415-3 0  9992
2 46937  97.3735 169.7892 0016843  53.2261 307.0532 15.21764166 10873
SPACEBEENZ-3            
1 46938U 20085K   21030.62716554  .00004054  00000+0  18266-3 0  9995
2 46938  97.3770 169.7862 0017403  52.6438 307.6364 15.21479382 10874
SPACEBEENZ-4            
1 46939U 20085L   21030.62789048  .00003764  00000+0  16997-3 0  9990
2 46939  97.3750 169.7819 0017379  52.3463 307.9370 15.21453093 10873
SPACEBEENZ-5            
1 46941U 20085N   21030.62920496  .00003707  00000+0  16760-3 0  9992
2 46941  97.3739 169.7779 0017176  52.4724 307.8042 15.21418864 10876
SPACEBEENZ-6            
1 46942U 20085P   21030.36617915  .00003571  00000+0  16161-3 0  9997
2 46942  97.3736 169.5220 0017280  52.5697 307.7107 15.21414721 10834
SPACEBEE-33             
1 46944U 20085R   21030.65017541  .00005519  00000+0  25048-3 0  9998
2 46944  97.3704 169.7359 0016070  62.1964 298.0901 15.21087429 10875
SPACEBEE-32             
1 46945U 20085S   21030.65109770  .00005623  00000+0  25524-3 0  9990
2 46945  97.3717 169.7380 0016128  61.9288 298.3569 15.21074162 10877
SPACEBEE-30             
1 46946U 20085T   21030.65116364  .00005769  00000+0  26175-3 0  9992
2 46946  97.3724 169.7416 0016177  62.3383 297.9494 15.21080526 10874
SPACEBEE-31             
1 46947U 20085U   21030.65158667  .00005698  00000+0  25861-3 0  9997
2 46947  97.3718 169.7371 0016381  63.1351 297.1576 15.21070150 10874
SPACEBEE-28             
1 46948U 20085V   21030.58583375  .00005828  00000+0  26437-3 0  9993
2 46948  97.3716 169.6772 0016165  63.3230 296.9660 15.21079939 10869
SPACEBEE-29             
1 46949U 20085W   21030.65135641  .00005936  00000+0  26920-3 0  9998
2 46949  97.3716 169.7401 0015974  63.6884 296.5978 15.21085708 10875
SPACEBEE-27             
1 46950U 20085X   21030.32368801  .00005982  00000+0  27141-3 0  9997
2 46950  97.3722 169.4203 0016361  65.2806 295.0139 15.21063586 10822
SPACEBEE-25             
1 46951U 20085Y   21030.32283585  .00006535  00000+0  29574-3 0  9990
2 46951  97.3721 169.4233 0016212  64.8883 295.4035 15.21115833 10822
SPACEBEE-24             
1 46952U 20085Z   21030.65284702  .00006247  00000+0  28321-3 0  9998
2 46952  97.3727 169.7450 0016199  64.0188 296.2725 15.21075234 10877
SPACEBEE-22             
1 46953U 20085AA  21030.65190287  .00006433  00000+0  29123-3 0  9991
2 46953  97.3715 169.7440 0016227  63.8432 296.4492 15.21111822 10872
SPACEBEE-26             
1 46956U 20085AD  21030.32417307  .00005819  00000+0  26415-3 0  9991
2 46956  97.3744 169.4232 0016584  64.1404 296.1554 15.21051757 10744
SPACEBEENZ-2            
1 46957U 20085AE  21030.62599067  .00003897  00000+0  17554-3 0  9997
2 46957  97.3739 169.7870 0017646  52.8354 307.4467 15.21509738 10834
SPACEBEE-39             
1 46958U 20085AF  21030.62078237  .00005611  00000+0  24985-3 0  9991
2 46958  97.3734 169.7871 0016943  53.2524 307.0254 15.21726506 10175
SPACEBEENZ-1            
1 46959U 20085AG  21030.36201496  .00004091  00000+0  18397-3 0  9999
2 46959  97.3741 169.5317 0017592  54.0392 306.2474 15.21538670 10314
SPACEBEE-23             
1 46960U 20085AH  21030.65213606  .00006522  00000+0  29520-3 0  9990
2 46960  97.3739 169.7470 0016564  63.9056 296.3894 15.21104394 10002
SPACEBEE-52             
1 47425U 21006N   21030.41684096  .00002042  00000+0  11644-3 0  9991
2 47425  97.5097  94.0134 0014298 213.2590 146.7744 15.13835640  2144
SPACEBEE-46             
1 47426U 21006P   21030.54908498  .00001890  00000+0  10808-3 0  9992
2 47426  97.5098  94.1437 0014270 213.0048 147.0294 15.13821488  2160
SPACEBEE-47             
1 47427U 21006Q   21030.21872459  .00001911  00000+0  10934-3 0  9998
2 47427  97.5097  93.8177 0014155 214.9837 145.0466 15.13780881  1153
SPACEBEE-59             
1 47428U 21006R   21030.54940516  .00001752  00000+0  10068-3 0  9996
2 47428  97.5098  94.1432 0014090 214.5710 145.4607 15.13737334  2165
SPACEBEE-62             
1 47429U 21006S   21030.61587209  .00001032  00000+0  61012-4 0  9998
2 47429  97.5089  94.2062 0013851 209.7875 150.2569 15.13632996  1212
SPACEBEE-61             
1 47431U 21006U   21030.49219518  .00001536  00000+0  94712-4 0  9994
2 47431  97.5138  94.0724 0005985 211.5278 148.5594 15.11415214  2152
SPACEBEE-49             
1 47432U 21006V   21030.55865678  .00001533  00000+0  94703-4 0  9993
2 47432  97.5141  94.1378 0005696 211.3833 148.7058 15.11349720  2163
SPACEBEE-60             
1 47433U 21006W   21030.42645722  .00001628  00000+0  10051-3 0  9994
2 47433  97.5143  94.0079 0005439 211.5625 148.5280 15.11292833  2144
SPACEBEE-53             
1 47434U 21006X   21030.42648872  .00002018  00000+0  12364-3 0  9997
2 47434  97.5144  94.0079 0005380 211.9243 148.1662 15.11286985  2142
SPACEBEE-63             
1 47442U 21006AF  21030.49199914  .00000757  00000+0  48500-4 0  9991
2 47442  97.5135  94.0720 0006114 212.7707 147.3145 15.11457399  1194
SPACEBEE-50             
1 47443U 21006AG  21030.42584174  .00001576  00000+0  96976-4 0  9991
2 47443  97.5137  94.0073 0006157 211.9286 148.1572 15.11454065  1187
SPACEBEE-51             
1 47444U 21006AH  21030.55832932  .00001903  00000+0  11632-3 0  9993
2 47444  97.5055  94.1197 0006058 214.5619 145.5218 15.11436574  1200
SPACEBEE-48             
1 47447U 21006AL  21030.55353228  .00002002  00000+0  11804-3 0  9994
2 47447  97.5044  94.1251 0011508 212.2527 147.8002 15.12670370  1202
SPACEBEE-40             
1 47449U 21006AN  21030.09052014  .00002107  00000+0  12407-3 0  9990
2 47449  97.5048  93.6702 0011408 213.7900 146.2605 15.12656383  1135
SPACEBEE-41             
1 47451U 21006AQ  21030.55370650  .00001825  00000+0  10807-3 0  9991
2 47451  97.5053  94.1265 0011317 212.1722 147.8819 15.12624212  1206
SPACEBEE-42             
1 47455U 21006AU  21030.55386275  .00001803  00000+0  10691-3 0  9992
2 47455  97.5057  94.1271 0011136 212.3331 147.7219 15.12583446  1204
SPACEBEE-55             
1 47459U 21006AY  21030.55397588  .00001081  00000+0  65658-4 0  9997
2 47459  97.5053  94.1269 0011667 218.6435 141.3961 15.12545793  1201
SPACEBEE-54             
1 47460U 21006AZ  21030.55395590  .00001674  00000+0  99616-4 0  9999
2 47460  97.5060  94.1276 0011033 212.2240 147.8318 15.12559265  1206
SPACEBEE-58             
1 47464U 21006BD  21030.35093120  .00001878  00000+0  10756-3 0  9998
2 47464  97.5098  93.9480 0014215 214.4374 145.5937 15.13780859  1176
SPACEBEE-57             
1 47465U 21006BE  21030.55808635  .00002566  00000+0  15531-3 0  9997
2 47465  97.5078  94.1243 0005438 219.3223 140.7613 15.11494378  1207
SPACEBEE-44             
1 47466U 21006BF  21030.55798839  .00001705  00000+0  10441-3 0  9991
2 47466  97.5064  94.1220 0006453 214.0965 145.9852 15.11522814  1200
SPACEBEE-56             
1 47468U 21006BH  21030.42552896  .00001686  00000+0  10321-3 0  9995
2 47468  97.5067  93.9926 0006507 214.6364 145.4443 15.11537217  1185
SPACEBEE-45             
1 47470U 21006BK  21030.49161604  .00001667  00000+0  10204-3 0  9997
2 47470  97.5069  94.0581 0006646 214.4872 145.5927 15.11566481  1199
SPACEBEE-43             
1 47480U 21006BV  21030.42562658  .00001779  00000+0  10880-3 0  9999
2 47480  97.5063  93.9916 0006396 214.5275 145.5540 15.11512093  1184
