TIANTONG-1 2            
1 46916U 20082A   21030.55429760 -.00000349  00000+0  00000+0 0  9997
2 46916   5.3125 299.6355 0001622  15.2184 139.6087  1.00270171   963
CZ-3B R/B               
1 46917U 20082B   21006.89183888  .01359568 -14917-4  84803-3 0  9991
2 46917  28.2480 266.4212 6923093 214.9743  75.6095  2.83581858  1469
CREW DRAGON 1           
1 46920U 20084A   21030.50133291  .00003153  00000+0  65512-4 0  9999
2 46920  51.6465 303.7326 0002392 315.8456 215.8385 15.48928800267251
SPOC                    
1 46921U 98067RR  21030.04869081  .00006601  00000+0  11632-3 0  9992
2 46921  51.6437 304.8297 0001073 277.0191  83.0677 15.51725432 13359
BOBCAT-1                
1 46922U 98067RS  21030.48455756  .00009028  00000+0  15315-3 0  9999
2 46922  51.6438 302.4938 0000609 279.6404  80.4517 15.52288016 13386
NEUTRON-1               
1 46923U 98067RT  21030.18264778  .00006215  00000+0  11037-3 0  9991
2 46923  51.6435 304.2233 0000994 307.6319  52.4581 15.51623320 13409
1998-067RU              
1 46924U 98067RU  21030.46047028  .00013814  00000+0  22227-3 0  9996
2 46924  51.6425 302.3287 0001037  38.3301 321.7763 15.53273503 13427
LEMUR-2-BAXTER-OLIVER   
1 46925U 98067RV  21030.45177373  .00017690  00000+0  27869-3 0  9996
2 46925  51.6432 302.2771 0001135  23.0421 337.0620 15.53644361 13387
LEMUR-2-DJARA           
1 46926U 98067RW  21030.26478248  .00015918  00000+0  25363-3 0  9999
2 46926  51.6434 303.2765 0000427  33.8421 326.2596 15.53416093 13376
DESCENT                 
1 46927U 98067RX  21030.18541902  .00006333  00000+0  11243-3 0  9992
2 46927  51.6435 304.2407 0001385 346.1996  13.8956 15.51594626 13313
2020-085A               
1 46929U 20085A   21030.49749258  .00002724  00000+0  12349-3 0  9995
2 46929  97.3720 169.6596 0013419  51.5370  13.4078 15.21603962 10853
CORVUS BC5              
1 46931U 20085C   21030.33637584  .00001970  00000+0  89178-4 0  9996
2 46931  97.3716 169.5433 0017114  37.6479 322.5951 15.21943814 10836
2020-085D               
1 46932U 20085D   21030.43380733  .00002095  00000+0  96063-4 0  9999
2 46932  97.3677 169.5258 0017318  48.9090 348.9557 15.21418127 10847
SPACEBEE-34             
1 46933U 20085E   21030.35274976  .00006694  00000+0  29602-3 0  9995
2 46933  97.3729 169.5392 0016691  54.8268 305.4531 15.21893407 10838
SPACEBEE-35             
1 46934U 20085F   21030.61640143  .00006436  00000+0  28489-3 0  9994
2 46934  97.3732 169.7971 0017065  52.2866 307.9915 15.21868492 10873
SPACEBEE-36             
1 46935U 20085G   21030.35359168  .00006355  00000+0  28143-3 0  9997
2 46935  97.3741 169.5410 0016966  53.9198 306.3610 15.21860008 10831
SPACEBEE-37             
1 46936U 20085H   21030.42095497  .00005970  00000+0  26501-3 0  9996
2 46936  97.3740 169.6015 0016895  54.3315 305.9477 15.21805134 10846
SPACEBEE-38             
1 46937U 20085J   21030.61975319  .00005943  00000+0  26415-3 0  9992
2 46937  97.3735 169.7892 0016843  53.2261 307.0532 15.21764166 10873
SPACEBEENZ-3            
1 46938U 20085K   21030.62716554  .00004054  00000+0  18266-3 0  9995
2 46938  97.3770 169.7862 0017403  52.6438 307.6364 15.21479382 10874
SPACEBEENZ-4            
1 46939U 20085L   21030.62789048  .00003764  00000+0  16997-3 0  9990
2 46939  97.3750 169.7819 0017379  52.3463 307.9370 15.21453093 10873
2020-085M               
1 46940U 20085M   21030.65524741  .00001370  00000+0  65186-4 0  9998
2 46940  97.3764 169.7804 0013473  52.2493 319.0607 15.20756640 10877
SPACEBEENZ-5            
1 46941U 20085N   21030.62920496  .00003707  00000+0  16760-3 0  9992
2 46941  97.3739 169.7779 0017176  52.4724 307.8042 15.21418864 10876
SPACEBEENZ-6            
1 46942U 20085P   21030.36617915  .00003571  00000+0  16161-3 0  9997
2 46942  97.3736 169.5220 0017280  52.5697 307.7107 15.21414721 10834
2020-085Q               
1 46943U 20085Q   21030.54052567  .00002212  00000+0  10369-3 0  9999
2 46943  97.3633 169.5138 0013829  57.6485   4.9047 15.20638583 10859
SPACEBEE-33             
1 46944U 20085R   21030.65017541  .00005519  00000+0  25048-3 0  9998
2 46944  97.3704 169.7359 0016070  62.1964 298.0901 15.21087429 10875
SPACEBEE-32             
1 46945U 20085S   21030.65109770  .00005623  00000+0  25524-3 0  9990
2 46945  97.3717 169.7380 0016128  61.9288 298.3569 15.21074162 10877
SPACEBEE-30             
1 46946U 20085T   21030.65116364  .00005769  00000+0  26175-3 0  9992
2 46946  97.3724 169.7416 0016177  62.3383 297.9494 15.21080526 10874
SPACEBEE-31             
1 46947U 20085U   21030.65158667  .00005698  00000+0  25861-3 0  9997
2 46947  97.3718 169.7371 0016381  63.1351 297.1576 15.21070150 10874
SPACEBEE-28             
1 46948U 20085V   21030.58583375  .00005828  00000+0  26437-3 0  9993
2 46948  97.3716 169.6772 0016165  63.3230 296.9660 15.21079939 10869
SPACEBEE-29             
1 46949U 20085W   21030.65135641  .00005936  00000+0  26920-3 0  9998
2 46949  97.3716 169.7401 0015974  63.6884 296.5978 15.21085708 10875
SPACEBEE-27             
1 46950U 20085X   21030.32368801  .00005982  00000+0  27141-3 0  9997
2 46950  97.3722 169.4203 0016361  65.2806 295.0139 15.21063586 10822
SPACEBEE-25             
1 46951U 20085Y   21030.32283585  .00006535  00000+0  29574-3 0  9990
2 46951  97.3721 169.4233 0016212  64.8883 295.4035 15.21115833 10822
SPACEBEE-24             
1 46952U 20085Z   21030.65284702  .00006247  00000+0  28321-3 0  9998
2 46952  97.3727 169.7450 0016199  64.0188 296.2725 15.21075234 10877
SPACEBEE-22             
1 46953U 20085AA  21030.65190287  .00006433  00000+0  29123-3 0  9991
2 46953  97.3715 169.7440 0016227  63.8432 296.4492 15.21111822 10872
2020-085AB              
1 46954U 20085AB  21030.60970919  .00069242  00000+0  24768-2 0  9991
2 46954  97.3635 170.0066 0007795  83.9366 276.2530 15.28502236 10882
2020-085AC              
1 46955U 20085AC  21030.55418118  .00000748  00000+0  37766-4 0  9994
2 46955  97.3701 169.5435 0015692  63.2863 296.9976 15.20021564 10850
SPACEBEE-26             
1 46956U 20085AD  21030.32417307  .00005819  00000+0  26415-3 0  9991
2 46956  97.3744 169.4232 0016584  64.1404 296.1554 15.21051757 10744
SPACEBEENZ-2            
1 46957U 20085AE  21030.62599067  .00003897  00000+0  17554-3 0  9997
2 46957  97.3739 169.7870 0017646  52.8354 307.4467 15.21509738 10834
SPACEBEE-39             
1 46958U 20085AF  21030.62078237  .00005611  00000+0  24985-3 0  9991
2 46958  97.3734 169.7871 0016943  53.2524 307.0254 15.21726506 10175
SPACEBEENZ-1            
1 46959U 20085AG  21030.36201496  .00004091  00000+0  18397-3 0  9999
2 46959  97.3741 169.5317 0017592  54.0392 306.2474 15.21538670 10314
SPACEBEE-23             
1 46960U 20085AH  21030.65213606  .00006522  00000+0  29520-3 0  9990
2 46960  97.3739 169.7470 0016564  63.9056 296.3894 15.21104394 10002
SENTINEL-6              
1 46984U 20086A   21030.31965382 -.00000061  00000+0  00000+0 0  9996
2 46984  66.0404 254.0608 0007736 265.0465  94.9675 12.80930489  8922
STARLINK-1777           
1 47122U 20088A   21030.50001157 -.01063211  00000+0 -58966-1 0  9999
2 47122  53.0553  30.5115 0001525  60.0168  55.9746 15.16014917  1909
STARLINK-1779           
1 47123U 20088B   21030.50001157 -.00913672  00000+0 -60464-1 0  9990
2 47123  53.0543  34.2757 0001427  70.7480 178.6015 15.09769231  1841
STARLINK-1785           
1 47124U 20088C   21030.50001157  .00025210  00000+0  17064-2 0  9990
2 47124  53.0521  35.2768 0001551  58.2598 203.7316 15.06375423  1836
STARLINK-1787           
1 47125U 20088D   21030.50001157  .00011924  00000+0  13576-3 0  9993
2 47125  53.0545  27.2681 0002560  22.9505  14.3877 15.62774693  1927
STARLINK-1812           
1 47126U 20088E   21030.50001157 -.01053340  00000+0 -55141-1 0  9997
2 47126  53.0542  30.5138 0001357  63.7090 225.0879 15.18460047  1844
STARLINK-1836           
1 47127U 20088F   21030.50001157 -.00038140  00000+0 -41184-3 0  9992
2 47127  53.0550  27.2625 0002038  29.9648  18.8293 15.62801207  1921
STARLINK-1837           
1 47128U 20088G   21030.50001157  .00109627  00000+0  11893-2 0  9993
2 47128  53.0560  27.2823 0002235  27.3785   7.4274 15.62702753  1925
STARLINK-1838           
1 47129U 20088H   21030.50001157 -.01075727  00000+0 -24209-1 0  9994
2 47129  53.0518  27.7316 0001825  38.3163 130.4624 15.45698657  1910
STARLINK-1839           
1 47130U 20088J   21030.50001157  .00035871  00000+0  24175-2 0  9992
2 47130  53.0547  40.2936 0002052  43.5348 165.8838 15.06358163  1830
STARLINK-1840           
1 47131U 20088K   21030.50001157 -.00047415  00000+0 -51499-3 0  9992
2 47131  53.0549  27.2564 0002198  15.2288  32.3905 15.62751875  1927
STARLINK-1842           
1 47132U 20088L   21030.50001157  .00011390  00000+0  12999-3 0  9996
2 47132  53.0546  27.2634 0002099  19.2539  18.7344 15.62767064  1928
STARLINK-1843           
1 47133U 20088M   21030.50001157  .00064436  00000+0  70299-3 0  9993
2 47133  53.0550  27.2629 0002674  26.8848  15.4572 15.62787424  1923
STARLINK-1844           
1 47134U 20088N   21030.50001157 -.00927769  00000+0 -33420-1 0  9996
2 47134  53.0549  29.4301 0001351  58.1884 339.5578 15.30963366  1902
STARLINK-1845           
1 47135U 20088P   21030.50001157 -.00097430  00000+0 -10679-2 0  9992
2 47135  53.0549  27.2592 0001807  29.8236  15.1513 15.62825900  1927
STARLINK-1846           
1 47136U 20088Q   21030.50001157 -.01063283  00000+0 -58696-1 0  9993
2 47136  53.0569  30.4868 0001604  55.3791  73.5077 15.16177244  1908
STARLINK-1849           
1 47137U 20088R   21030.50001157 -.00100744  00000+0 -11055-2 0  9996
2 47137  53.0550  27.2813 0001625  35.4110   0.0886 15.62812146  1923
STARLINK-1850           
1 47138U 20088S   21030.50001157 -.01079126  00000+0 -22613-1 0  9998
2 47138  53.0583  27.6995 0001280  77.1744 143.2678 15.47761020  1913
STARLINK-1852           
1 47139U 20088T   21030.50001157 -.00906121  00000+0 -67047-1 0  9992
2 47139  53.0460  34.7097 0001487  71.3075  89.7983 15.05666556  1849
STARLINK-1853           
1 47140U 20088U   21030.50001157 -.01070260  00000+0 -38885-1 0  9999
2 47140  53.0534  31.5275 0001458  55.0053  25.4194 15.30631894  1902
STARLINK-1854           
1 47141U 20088V   21030.50001157 -.00024389  00000+0 -26135-3 0  9997
2 47141  53.0552  27.2577 0001661  36.6576   6.4882 15.62749673  1926
STARLINK-1855           
1 47142U 20088W   21030.50001157  .00034920  00000+0  23538-2 0  9991
2 47142  53.0575  40.2900 0001874  48.2946 221.0921 15.06365146  1839
STARLINK-1856           
1 47143U 20088X   21030.50001157  .00081248  00000+0  88613-3 0  9993
2 47143  53.0551  27.2590 0001646  40.5508   3.8298 15.62700503  1925
STARLINK-1857           
1 47144U 20088Y   21030.50001157  .00005401  00000+0  64744-4 0  9991
2 47144  53.0547  27.2708 0001637  33.3001   2.7857 15.62768144  1924
STARLINK-1858           
1 47145U 20088Z   21030.50001157 -.00023115  00000+0 -24702-3 0  9995
2 47145  53.0545  27.2575 0002294  31.1215  12.6042 15.62780926  1926
STARLINK-1859           
1 47146U 20088AA  21030.50001157  .00038340  00000+0  25813-2 0  9993
2 47146  53.0427  40.3429 0001765  44.4830  89.9794 15.06364583  1849
STARLINK-1860           
1 47147U 20088AB  21030.50001157 -.01054729  00000+0 -53852-1 0  9999
2 47147  53.0541  30.4595 0001308  62.2800 289.2617 15.19321721  1906
STARLINK-1861           
1 47148U 20088AC  21030.50001157 -.00026060  00000+0 -27942-3 0  9999
2 47148  53.0550  27.2768 0001820  35.8020 358.4004 15.62775628  1920
STARLINK-1862           
1 47149U 20088AD  21030.50001157 -.01054472  00000+0 -54157-1 0  9995
2 47149  53.0536  30.4874 0001307  62.3692 273.9409 15.19119105  1901
STARLINK-1863           
1 47150U 20088AE  21030.50001157 -.00073007  00000+0 -79689-3 0  9990
2 47150  53.0549  27.2655 0001545  33.6642   8.1645 15.62809318  1920
STARLINK-1864           
1 47151U 20088AF  21030.50001157 -.01062645  00000+0 -59779-1 0  9994
2 47151  53.0547  30.5976 0001487  56.5668  21.2430 15.15516161  1904
STARLINK-1866           
1 47152U 20088AG  21030.50001157 -.01063320  00000+0 -58355-1 0  9995
2 47152  53.0553  30.4688 0001508  64.0042  81.2203 15.16382283  1906
STARLINK-1867           
1 47153U 20088AH  21030.50001157  .00028002  00000+0  18922-2 0  9998
2 47153  53.0534  35.2771 0001776  62.9993 299.0011 15.06383075  1849
STARLINK-1868           
1 47154U 20088AJ  21030.50001157  .00150604  00000+0  16205-2 0  9995
2 47154  53.0551  27.2555 0001718  44.7917   1.9697 15.62750055  1927
STARLINK-1869           
1 47155U 20088AK  21030.50001157  .00036327  00000+0  24470-2 0  9994
2 47155  53.0542  40.2969 0001836  60.7451 128.6182 15.06371773  1834
STARLINK-1870           
1 47156U 20088AL  21030.50001157 -.00043051  00000+0 -46581-3 0  9997
2 47156  53.0551  27.2529 0002551  19.6177  28.5412 15.62804264  1927
STARLINK-1871           
1 47157U 20088AM  21030.50001157 -.01057659  00000+0 -50156-1 0  9999
2 47157  53.0550  30.6564 0001511  62.2709  92.8164 15.21840463  1906
STARLINK-1873           
1 47158U 20088AN  21030.50001157 -.00110359  00000+0 -12122-2 0  9998
2 47158  53.0552  27.2580 0001640  35.9183   9.7017 15.62828957  1920
STARLINK-1874           
1 47159U 20088AP  21030.50001157 -.01063504  00000+0 -58005-1 0  9998
2 47159  53.0580  30.4653 0001556  61.1869 100.5857 15.16598099  1907
STARLINK-1875           
1 47160U 20088AQ  21030.50001157 -.00022482  00000+0 -24013-3 0  9993
2 47160  53.0552  27.2580 0001501  27.2006  19.0712 15.62778938  1926
STARLINK-1876           
1 47161U 20088AR  21030.50001157 -.00011404  00000+0 -11876-3 0  9999
2 47161  53.0547  27.2607 0001844  41.6684 356.9663 15.62776051  1925
STARLINK-1877           
1 47162U 20088AS  21030.50001157 -.01053686  00000+0 -54808-1 0  9999
2 47162  53.0539  30.5204 0001331  63.8235 240.9089 15.18680850  1900
STARLINK-1878           
1 47163U 20088AT  21030.50001157  .00020282  00000+0  13776-2 0  9993
2 47163  53.0559  40.2887 0001887  52.4726 262.0516 15.06373162  1893
STARLINK-1879           
1 47164U 20088AU  21030.50001157  .00001380  00000+0  20896-4 0  9995
2 47164  53.0548  27.2601 0001436  26.8758  14.3023 15.62767533  1927
STARLINK-1880           
1 47165U 20088AV  21030.50001157 -.01056847  00000+0 -51080-1 0  9993
2 47165  53.0552  30.6319 0001471  61.7736  48.9833 15.21195147  1901
STARLINK-1881           
1 47166U 20088AW  21030.50001157 -.01056797  00000+0 -51403-1 0  9997
2 47166  53.0538  30.6242 0001439  62.6046  33.2462 15.20979927  1909
STARLINK-1884           
1 47167U 20088AX  21030.50001157 -.01052434  00000+0 -55783-1 0  9997
2 47167  53.0560  30.4995 0001369  70.8597 186.1066 15.18028842  1896
STARLINK-1885           
1 47168U 20088AY  21030.50001157 -.01052726  00000+0 -55455-1 0  9998
2 47168  53.0544  30.5058 0001401  63.6333 209.2314 15.18242361  1847
STARLINK-1886           
1 47169U 20088AZ  21030.50001157  .00063842  00000+0  79642-3 0  9993
2 47169  53.0538  28.4290 0008603 289.7325 258.3774 15.59265128  1912
STARLINK-1887           
1 47170U 20088BA  21030.50001157 -.01054123  00000+0 -54481-1 0  9992
2 47170  53.0536  30.5159 0001383  56.5577 264.0407 15.18901589  1906
STARLINK-1888           
1 47171U 20088BB  21030.50001157 -.00101400  00000+0 -11119-2 0  9995
2 47171  53.0551  27.2720 0001653  38.1686 358.5277 15.62833221  1920
STARLINK-1889           
1 47172U 20088BC  21030.50001157 -.00913738  00000+0 -61568-1 0  9993
2 47172  53.0394  34.4250 0001468  58.0632 349.6234 15.09116556  1908
STARLINK-1890           
1 47173U 20088BD  21030.50001157 -.01052156  00000+0 -55814-1 0  9990
2 47173  53.0554  30.4957 0001428  63.0029 200.1950 15.17999322  1892
STARLINK-1891           
1 47174U 20088BE  21030.50001157 -.01057389  00000+0 -50471-1 0  9998
2 47174  53.0551  30.6561 0001426  70.3369  69.9233 15.21620187  1901
STARLINK-1895           
1 47175U 20088BF  21030.50001157 -.00045447  00000+0 -49223-3 0  9995
2 47175  53.0540  27.2709 0001632  38.9955   0.8909 15.62806736  1866
STARLINK-1900           
1 47176U 20088BG  21030.50001157  .00000923  00000+0  15911-4 0  9992
2 47176  53.0552  27.2605 0001757  40.3422   0.2021 15.62766353  1925
STARLINK-1907           
1 47177U 20088BH  21030.50001157 -.00194842  00000+0 -21655-2 0  9999
2 47177  53.0548  27.2620 0001611  37.7666   1.5640 15.62845723  1927
STARLINK-1912           
1 47178U 20088BJ  21030.50001157 -.01062828  00000+0 -59397-1 0  9992
2 47178  53.0545  30.5547 0001456  62.8506  32.2513 15.15747218  1905
STARLINK-1913           
1 47179U 20088BK  21030.50001157  .00035431  00000+0  23867-2 0  9994
2 47179  53.0574  40.2943 0001966  51.8074 177.5757 15.06382769  1831
STARLINK-1914           
1 47180U 20088BL  21030.50001157  .00022496  00000+0  15245-2 0  9994
2 47180  53.0568  40.2875 0002003  52.9759 196.4204 15.06394884  1899
STARLINK-1927           
1 47181U 20088BM  21030.50001157 -.00025598  00000+0 -27425-3 0  9997
2 47181  53.0546  27.2777 0001905  44.0297 349.5211 15.62784469  1928
LUCAS (JDRS-1)          
1 47202U 20089A   21030.59354858 -.00000231  00000+0  00000+0 0  9992
2 47202   0.0183  97.7280 0002824 210.2000 126.4921  1.00265198   718
H-2A R/B                
1 47203U 20089B   21030.58220717  .00010244 -19017-6  55618-3 0  9997
2 47203  28.3058 192.8072 7250258 217.2504  58.7588  2.35321434  1462
FALCON EYE 2            
1 47226U 20090A   21030.49033488  .00000116  00000+0  19939-4 0  9999
2 47226  97.8603 107.4430 0001427  87.2721 272.8657 14.84899370  8824
2020-091A               
1 47227U 20091A   21030.43173682  .00000024  00000+0  10000-3 0  9993
2 47227  82.5046  83.0487 0021582 144.4482 215.8039 12.42882463  7256
2020-091B               
1 47228U 20091B   21030.48556636  .00000024  00000+0  10000-3 0  9993
2 47228  82.4965  82.9377 0015495 155.0028 205.1804 12.42860286  7253
2020-091C               
1 47229U 20091C   21030.29829428  .00020017  00000+0  14407+0 0  9990
2 47229  82.5015  83.0342 0023313 138.4606 221.6804 12.42897561  7226
2020-091D               
1 47230U 20091D   21030.55308638  .00000027  00000+0  12401-3 0  9991
2 47230  82.4977  82.8938 0016180 154.5188 205.6692 12.42950754  7254
GAOFEN 14               
1 47231U 20092A   21030.52353043  .00001363  00000+0  56345-4 0  9990
2 47231  97.4352 107.9979 0013093  71.1920  53.8524 15.25636247  8430
CZ-3B R/B               
1 47232U 20092B   21030.45822030  .00003543  00000+0  89506-4 0  9997
2 47232  97.3699 108.2484 0094024 203.2348 156.4634 15.36032552  8482
