NOAA 15                 
1 25338U 98030A   21030.56258779  .00000022  00000+0  27558-4 0  9990
2 25338  98.6975  60.2151 0009743 326.9584  33.0986 14.26010857181342
DMSP 5D-3 F15 (USA 147) 
1 25991U 99067A   21030.55698000 -.00000101  00000+0 -27560-4 0  9993
2 25991  99.0001   9.9944 0009977 170.3927 334.5666 14.16463399 92575
METEOSAT-8 (MSG-1)      
1 27509U 02040B   21030.16438361  .00000139  00000+0  00000+0 0  9998
2 27509   7.1241  53.1230 0000927 318.9195 218.1386  1.00269125 67567
DMSP 5D-3 F16 (USA 172) 
1 28054U 03048A   21030.58403187 -.00000066  00000+0 -11317-4 0  9996
2 28054  98.9392  15.1613 0006664 304.7000 165.7155 14.13647362891874
NOAA 18                 
1 28654U 05018A   21030.60901795  .00000099  00000+0  77953-4 0  9994
2 28654  99.0140  94.8118 0013448 313.3449  46.6600 14.12577226808980
METEOSAT-9 (MSG-2)      
1 28912U 05049B   21030.31468984  .00000020  00000+0  00000+0 0  9999
2 28912   4.9098  69.1444 0001486 269.4502 267.8234  1.00275502 55340
FORMOSAT-3 FM6          
1 29047U 06011A   21030.32337971  .00000188  00000+0  90012-4 0  9993
2 29047  71.9794   6.9225 0049143  28.2194 332.1588 14.28783871773716
FORMOSAT-3 FM1          
1 29048U 06011B   21030.62715368  .00000102  00000+0  56554-4 0  9996
2 29048  71.9661 276.9465 0044046 345.9586  14.0322 14.28751354776240
FORMOSAT-3 FM5          
1 29049U 06011C   21030.61592858  .00000091  00000+0  52093-4 0  9994
2 29049  72.0204  89.9124 0034582   9.5697 350.6090 14.28827873772034
FORMOSAT-3 FM3          
1 29050U 06011D   21030.57409023  .00000130  00000+0  37654-4 0  9992
2 29050  72.0141 212.8610 0051691 271.8321  87.6911 14.59010603789453
FORMOSAT-3 FM4          
1 29051U 06011E   21030.61030365  .00000045  00000+0  33410-4 0  9998
2 29051  72.0066 351.5353 0070512 252.5273 106.8148 14.28863527774604
FORMOSAT-3 FM2          
1 29052U 06011F   21030.52355626  .00000090  00000+0  51375-4 0  9999
2 29052  72.0341  66.5989 0041335 329.3028  30.5691 14.28969349772121
EWS-G1 (GOES 13)        
1 29155U 06018A   21030.12618797  .00000039  00000+0  00000+0 0  9994
2 29155   0.3956 103.4142 0005884 136.9847 356.1514  1.00274080 23670
METOP-A                 
1 29499U 06044A   21030.59765200  .00000009  00000+0  23474-4 0  9999
2 29499  98.4928  75.2326 0000939  67.6129  85.7936 14.21496892740973
DMSP 5D-3 F17 (USA 191) 
1 29522U 06050A   21030.55372597  .00000010  00000+0  28490-4 0  9997
2 29522  98.7915  49.4076 0008920 249.2024 110.8194 14.14034801734805
FENGYUN 3A              
1 32958U 08026A   21030.53051611 -.00000005  00000+0  17545-4 0  9992
2 32958  98.4333  10.7950 0009545  44.2103 315.9835 14.18646045656918
FENGYUN 2E              
1 33463U 08066A   21030.59354858 -.00000205  00000+0  00000+0 0  9998
2 33463   4.8163  67.7766 0003879 315.9849  47.0170  1.00270504 44408
NOAA 19                 
1 33591U 09005A   21030.55948708  .00000004  00000+0  27428-4 0  9997
2 33591  99.1926  47.7821 0014354 155.9354 204.2490 14.12450544617192
GOES 14                 
1 35491U 09033A   21030.61617781 -.00000091  00000+0  00000+0 0  9999
2 35491   0.0761 225.3853 0011778   3.1975  19.0447  1.00271001 42435
METEOR-M 1              
1 35865U 09049A   21030.54092140 -.00000009  00000+0  14832-4 0  9991
2 35865  98.4637  14.1980 0001260 235.4092 124.6968 14.22262967590059
DMSP 5D-3 F18 (USA 210) 
1 35951U 09057A   21030.57809626  .00000054  00000+0  51232-4 0  9998
2 35951  98.6669  19.0658 0012164  81.0833 279.1717 14.13329048355760
GOES 15                 
1 36411U 10008A   21030.59965586  .00000053  00000+0  00000+0 0  9999
2 36411   0.4245  98.7039 0002605 309.9639 169.6287  1.00281649 39989
COMS 1                  
1 36744U 10032A   21030.46785365 -.00000342  00000+0  00000+0 0  9998
2 36744   0.0258 131.3546 0001066 179.0502 116.0900  1.00272504 31395
FENGYUN 3B              
1 37214U 10059A   21030.55751648 -.00000007  00000+0  20088-4 0  9998
2 37214  99.0706  22.0655 0016820 347.4937 159.5861 14.15973934529775
SUOMI NPP               
1 37849U 11061A   21030.59591365  .00000007  00000+0  23911-4 0  9995
2 37849  98.7255 331.2009 0001020  57.5444 115.0939 14.19549120479856
FENGYUN 2F              
1 38049U 12002A   21030.64017706 -.00000356  00000+0  00000+0 0  9999
2 38049   2.5892  82.7623 0004055  27.1750   2.7597  1.00277074 33202
METEOSAT-10 (MSG-3)     
1 38552U 12035B   21030.31582390  .00000065  00000+0  00000+0 0  9990
2 38552   1.2308 357.5001 0000963  13.7635 241.3904  1.00269969 31169
METOP-B                 
1 38771U 12049A   21030.64961950  .00000006  00000+0  22723-4 0  9993
2 38771  98.6998  92.6781 0002417  77.9261  74.9228 14.21496263434300
FENGYUN 3C              
1 39260U 13052A   21030.54425204  .00000004  00000+0  23194-4 0  9999
2 39260  98.5204  77.4373 0009934 284.8550  75.1528 14.15857522380759
METEOR-M 2              
1 40069U 14037A   21028.91605417 -.00000041  00000+0  18056-6 0  9991
2 40069  98.4779  63.6204 0005544   0.1611 359.9567 14.20680110340221
HIMAWARI-8              
1 40267U 14060A   21030.64176071 -.00000273  00000+0  00000+0 0  9999
2 40267   0.0595 219.3959 0001137  85.9716 196.3787  1.00273481 23075
FENGYUN 2G              
1 40367U 14090A   21027.53440044 -.00000295  00000+0  00000+0 0  9995
2 40367   0.6858  93.1678 0002306 298.7235  26.9374  1.00284711 22324
METEOSAT-11 (MSG-4)     
1 40732U 15034A   21030.31399194  .00000000  00000+0  00000+0 0  9992
2 40732   0.3045 258.0830 0001113 358.3808 346.5597  1.00263643 20340
ELEKTRO-L 2             
1 41105U 15074A   21030.31111315 -.00000113  00000+0  00000+0 0  9994
2 41105   1.7447  94.2913 0001932 157.0888 335.9375  1.00272058 18825
HIMAWARI-9              
1 41836U 16064A   21030.64176066 -.00000273  00000+0  00000+0 0  9992
2 41836   0.0045 313.8205 0001316  41.3212 146.7149  1.00270315 15501
GOES 16                 
1 41866U 16071A   21030.44255002 -.00000245  00000+0  00000+0 0  9998
2 41866   0.0114 262.0630 0001710  73.5626 238.3489  1.00270170 15427
FENGYUN 4A              
1 41882U 16077A   21030.60694769 -.00000328  00000+0  00000+0 0  9999
2 41882   0.0684  82.5365 0004640 341.4591  29.2194  1.00272329 15293
CYGFM05                 
1 41884U 16078A   21030.48087186  .00000052  00000+0  44742-5 0  9997
2 41884  34.9569  89.5286 0016309 273.7140  86.1706 15.14866654228527
CYGFM04                 
1 41885U 16078B   21030.50559988  .00000516  00000+0  28364-4 0  9991
2 41885  34.9503  81.3339 0014660 285.4430  74.4662 15.15373537228553
CYGFM02                 
1 41886U 16078C   21030.49883501  .00000504  00000+0  27733-4 0  9997
2 41886  34.9595  83.2703 0015421 281.1356  78.7622 15.15372420228628
CYGFM01                 
1 41887U 16078D   21030.54388642  .00000512  00000+0  28718-4 0  9993
2 41887  34.9537  90.6291 0016765 274.5663  85.3133 15.14661562228480
CYGFM08                 
1 41888U 16078E   21030.53895817  .00000523  00000+0  28945-4 0  9994
2 41888  34.9508  85.4855 0015922 282.3735  77.5194 15.15076522228586
CYGFM06                 
1 41889U 16078F   21030.54436386  .00000509  00000+0  28049-4 0  9997
2 41889  34.9588  81.6788 0014351 281.2719  78.6380 15.15362944228588
CYGFM07                 
1 41890U 16078G   21030.52296100  .00000536  00000+0  29423-4 0  9992
2 41890  34.9526  80.8014 0014124 284.5593  75.3552 15.15362453228578
CYGFM03                 
1 41891U 16078H   21030.51944009  .00000533  00000+0  29289-4 0  9997
2 41891  34.9559  81.1404 0013620 283.1151  76.8040 15.15349008228576
FENGYUN 3D              
1 43010U 17072A   21030.57763940 -.00000004  00000+0  19148-4 0  9993
2 43010  98.7756 333.5734 0002144 118.1897 241.9486 14.19759697166427
NOAA 20                 
1 43013U 17073A   21030.59760684  .00000000  00000+0  20977-4 0  9998
2 43013  98.7421 331.2549 0001349  79.9616 280.1712 14.19549041165883
GOES 17                 
1 43226U 18022A   21030.62569750  .00000101  00000+0  00000+0 0  9996
2 43226   0.0549 255.1831 0000653  82.1129 240.7584  1.00269867 10728
FENGYUN 2H              
1 43491U 18050A   21030.59354858 -.00000127  00000+0  00000+0 0  9997
2 43491   0.1335 245.6470 0002390 250.8209 286.6131  1.00270346  9822
METOP-C                 
1 43689U 18087A   21030.58680021  .00000007  00000+0  23037-4 0  9995
2 43689  98.7069  93.0157 0003330  68.7133 291.4400 14.21489679115865
GEO-KOMPSAT-2A          
1 43823U 18100A   21030.55490826 -.00000341  00000+0  00000+0 0  9992
2 43823   0.0223 255.0157 0002438  30.8899 172.1187  1.00271327  7937
IOD-1 GEMS              
1 44385U 98067QK  21030.34030200  .00066559  00000+0  37883-3 0  9994
2 44385  51.6345 260.9814 0004624 151.2285 208.8971 15.78319067 90056
METEOR-M2 2             
1 44387U 19038A   21030.58282229 -.00000029  00000+0  62937-5 0  9994
2 44387  98.6515 352.4800 0000615   0.8752 359.2413 14.23685005 81851
