APRIZESAT 2             
1 28366U 04025A   21030.61262472  .00000023  00000+0  20860-4 0  9996
2 28366  98.2387 278.2962 0108542  46.2708 314.7404 14.36726812869610
SAUDICOMSAT 1           
1 28369U 04025D   21030.47738090  .00000043  00000+0  21904-4 0  9999
2 28369  98.3707 346.2038 0032362 276.7035  83.0478 14.52595775878829
SAUDICOMSAT 2           
1 28370U 04025E   21030.54882591  .00000043  00000+0  23862-4 0  9990
2 28370  98.4633 343.9187 0059016  86.4361 274.3579 14.47522977875879
APRIZESAT 1             
1 28372U 04025G   21030.58627159  .00000027  00000+0  18860-4 0  9997
2 28372  98.4238 344.8188 0046594   8.4960 351.7012 14.49657385877248
NANOSAT-1               
1 28493U 04049B   21030.54408971  .00000097  00000+0  22673-4 0  9996
2 28493  98.1125 126.3731 0005850  99.1759 261.0111 14.73639808865791
SAUDICOMSAT 7           
1 31119U 07012C   21030.56429548  .00000043  00000+0  18183-4 0  9995
2 31119  98.1257 338.1466 0059027 225.1930 134.4464 14.61835785735239
SAUDICOMSAT 6           
1 31121U 07012E   21030.57488317  .00000066  00000+0  23969-4 0  9991
2 31121  98.1749 333.2369 0075741 318.5538  40.9932 14.58632973733631
SAUDICOMSAT 5           
1 31124U 07012H   21030.60295626  .00000057  00000+0  20015-4 0  9996
2 31124  98.0918 340.4030 0051589 176.6851 183.4704 14.63540448736039
SAUDICOMSAT 3           
1 31125U 07012J   21030.59161016  .00000069  00000+0  21621-4 0  9997
2 31125  98.0550 342.6586 0044238 129.6440 230.8680 14.65310322736866
SAUDICOMSAT 4           
1 31127U 07012L   21030.39977551  .00000053  00000+0  20844-4 0  9995
2 31127  98.1513 336.0438 0066677 270.0312  89.3248 14.60349409734454
APRIZESAT 4             
1 35684U 09041D   21030.51068802  .00000045  00000+0  13659-4 0  9992
2 35684  98.2983  22.2062 0047462 163.1054 197.1750 14.79332875620708
APRIZESAT 3             
1 35686U 09041F   21030.43925636  .00000098  00000+0  16997-4 0  9998
2 35686  98.1537 100.0078 0073390  29.4241 331.1075 14.87463140623822
AISSAT 1                
1 36797U 10035C   21030.40244197  .00000174  00000+0  26383-4 0  9995
2 36797  98.1977 191.9284 0011249  12.6142 347.5352 14.86424955571709
S-NET D                 
1 43186U 18014G   21030.46275015 -.00000107  00000+0 -42347-5 0  9996
2 43186  97.6859 300.4693 0010820 177.9283 182.1985 14.96955669163656
S-NET B                 
1 43187U 18014H   21030.46262415 -.00000108  00000+0 -43961-5 0  9991
2 43187  97.6857 300.4404 0010816 177.8749 182.2521 14.96955268163658
S-NET A                 
1 43188U 18014J   21030.39571646 -.00000118  00000+0 -51965-5 0  9997
2 43188  97.6861 300.4134 0010800 178.1949 181.9313 14.96953999163646
S-NET C                 
1 43189U 18014K   21030.46305066 -.00000097  00000+0 -34481-5 0  9997
2 43189  97.6856 300.4346 0010822 177.9774 182.1494 14.96954007162208
SALSAT                  
1 46495U 20068K   21030.55382875  .00000620  00000+0  50103-4 0  9993
2 46495  97.6831 328.9807 0017378 173.5006 186.6446 15.03342548 18615
